Q2,x,W,theta,Eb,nu,g1,dg1(stat),dg1(sys),dg1(model),dg1(tot),g2,dg2(stat),dg2(sys),dg2(tot),g1/F1,dg1/F1(stat),dg1/F1(sys),dg1/F1(tot),A1,dA1(stat),dA1(sys),dA1(tot),g2/F1,dg2/F1(stat),dg2/F1(sys),dg2/F1(tot),sigma_LT,dsigma_LT(stat),dsigma_LT(sys),dsigma_LT(tot),sigma_TT,dsigma_TT(stat),dsigma_TT(sys),dsigma_TT(tot),Experiment
2.71,0.33,2.542,35.0,57.34,,-0.012,0.006,0.003,,0.0067,0.009,0.043,0.003,0.0431,-0.043,0.02,0.009,0.0219,-0.048,0.024,0.015,0.0283,0.034,0.153,0.01,0.1533,,,,,,,,,Zheng
3.52,0.47,2.2154,35.0,57.34,,-0.005,0.004,0.001,,0.0041,0.026,0.013,0.003,0.0133,0.04,0.035,0.011,0.0367,-0.006,0.027,0.019,0.033,0.207,0.103,0.022,0.1053,,,,,,,,,Zheng
4.83,0.6,2.0224,45.0,573.4,,-0.006,0.002,0.001,,0.0022,-0.009,0.009,0.001,0.0091,0.124,0.045,0.016,0.0478,0.175,0.048,0.027,0.0551,-0.19,0.204,0.027,0.2058,,,,,,,,,Zheng
0.277,,,45.0,47.4,,,,,,,,,,,0.007,0.068,0.01,0.0687,,,,,,,,,,,,,,,,,Flay
0.325,,,45.0,47.4,,,,,,,,,,,0.008,0.041,0.008,0.0418,,,,,,,,,,,,,,,,,Flay
0.374,,,45.0,47.4,,,,,,,,,,,0.065,0.034,0.011,0.0357,,,,,,,,,,,,,,,,,Flay
0.424,,,45.0,47.4,,,,,,,,,,,-0.066,0.038,0.013,0.0402,,,,,,,,,,,,,,,,,Flay
0.473,,,45.0,47.4,,,,,,,,,,,-0.058,0.047,0.014,0.049,,,,,,,,,,,,,,,,,Flay
0.277,,,45.0,58.9,,,,,,,,,,,0.143,0.112,0.014,0.1129,0.127,0.116,0.035,0.1212,,,,,,,,,,,,,Flay
0.325,,,45.0,58.9,,,,,,,,,,,-0.019,0.056,0.009,0.0567,-0.031,0.058,0.009,0.0587,,,,,,,,,,,,,Flay
0.374,,,45.0,58.9,,,,,,,,,,,0.031,0.046,0.009,0.0469,0.035,0.049,0.01,0.05,,,,,,,,,,,,,Flay
0.424,,,45.0,58.9,,,,,,,,,,,-0.049,0.05,0.012,0.0514,-0.039,0.053,0.013,0.0546,,,,,,,,,,,,,Flay
0.474,,,45.0,58.9,,,,,,,,,,,-0.044,0.062,0.015,0.0638,-0.044,0.066,0.017,0.0682,,,,,,,,,,,,,Flay
0.524,,,45.0,58.9,,,,,,,,,,,0.098,0.082,0.017,0.0837,0.109,0.088,0.019,0.09,,,,,,,,,,,,,Flay
0.573,,,45.0,58.9,,,,,,,,,,,0.132,0.116,0.021,0.1179,0.135,0.126,0.023,0.1281,,,,,,,,,,,,,Flay
3.08,0.277,,45.0,,,0.061,0.0804,0.0166,,0.0821,,,,,0.044,0.058,0.012,0.0592,0.043,0.06,0.022,0.0639,,,,,,,,,,,,,Flay
3.08,0.325,,45.0,,,-0.0022,0.0357,0.0097,,0.037,,,,,-0.002,0.033,0.009,0.0342,-0.004,0.035,0.009,0.0361,,,,,,,,,,,,,Flay
3.08,0.374,,45.0,,,0.0446,0.0236,0.0084,,0.0251,,,,,0.053,0.028,0.01,0.0297,0.078,0.029,0.012,0.0314,,,,,,,,,,,,,Flay
3.08,0.424,,45.0,,,-0.0394,0.0197,0.0079,,0.0212,,,,,-0.06,0.03,0.012,0.0323,-0.055,0.032,0.014,0.0349,,,,,,,,,,,,,Flay
3.08,0.474,,45.0,,,-0.0272,0.019,0.0077,,0.0205,,,,,-0.053,0.037,0.015,0.0399,-0.044,0.04,0.016,0.0431,,,,,,,,,,,,,Flay
3.08,0.548,,45.0,,,0.0393,0.0239,0.0068,,0.0248,,,,,0.11,0.067,0.019,0.0696,0.118,0.072,0.021,0.075,,,,,,,,,,,,,Flay
1.2,0.014,,,,,-0.351,0.115,0.11,,0.1591,,,,,,,,,-0.058,0.019,0.018,0.0262,,,,,,,,,,,,,SLAC_E154
1.6,0.024,,,,,-0.374,0.071,0.065,,0.0963,,,,,,,,,-0.08,0.015,0.014,0.0205,,,,,,,,,,,,,SLAC_E154
2.0,0.035,,,,,-0.29,0.061,0.039,,0.0724,,,,,,,,,-0.078,0.018,0.011,0.0211,,,,,,,,,,,,,SLAC_E154
2.6,0.049,,,,,-0.204,0.04,0.022,,0.0457,,,,,,,,,-0.086,0.016,0.01,0.0189,,,,,,,,,,,,,SLAC_E154
4.4,0.081,,,,,-0.137,0.021,0.016,,0.0264,,,,,,,,,-0.092,0.013,0.011,0.017,,,,,,,,,,,,,SLAC_E154
6.6,0.123,,,,,-0.108,0.015,0.012,,0.0192,,,,,,,,,-0.106,0.014,0.012,0.0184,,,,,,,,,,,,,SLAC_E154
8.2,0.173,,,,,-0.061,0.014,0.009,,0.0166,,,,,,,,,-0.092,0.021,0.012,0.0242,,,,,,,,,,,,,SLAC_E154
9.8,0.242,,,,,-0.042,0.011,0.007,,0.013,,,,,,,,,-0.112,0.028,0.02,0.0344,,,,,,,,,,,,,SLAC_E154
11.7,0.342,,,,,-0.017,0.011,0.005,,0.0121,,,,,,,,,-0.068,0.065,0.025,0.0696,,,,,,,,,,,,,SLAC_E154
13.3,0.441,,,,,-0.007,0.011,0.002,,0.0112,,,,,,,,,-0.003,0.142,0.022,0.1437,,,,,,,,,,,,,SLAC_E154
15.0,0.564,,,,,0.003,0.008,0.001,,0.0081,,,,,,,,,0.1,0.294,0.039,0.2966,,,,,,,,,,,,,SLAC_E154
5.0,0.014,,,,,-0.497,0.163,0.155,,0.2249,,,,,,,,,,,,,,,,,,,,,,,,,SLAC_E154
5.0,0.024,,,,,-0.481,0.092,0.083,,0.1239,,,,,,,,,,,,,,,,,,,,,,,,,SLAC_E154
5.0,0.035,,,,,-0.345,0.073,0.047,,0.0868,,,,,,,,,,,,,,,,,,,,,,,,,SLAC_E154
5.0,0.049,,,,,-0.228,0.045,0.025,,0.0515,,,,,,,,,,,,,,,,,,,,,,,,,SLAC_E154
5.0,0.081,,,,,-0.139,0.022,0.016,,0.0272,,,,,,,,,,,,,,,,,,,,,,,,,SLAC_E154
5.0,0.123,,,,,-0.105,0.014,0.012,,0.0184,,,,,,,,,,,,,,,,,,,,,,,,,SLAC_E154
5.0,0.173,,,,,-0.06,0.014,0.009,,0.0166,,,,,,,,,,,,,,,,,,,,,,,,,SLAC_E154
5.0,0.242,,,,,-0.043,0.011,0.007,,0.013,,,,,,,,,,,,,,,,,,,,,,,,,SLAC_E154
5.0,0.342,,,,,-0.018,0.013,0.005,,0.0139,,,,,,,,,,,,,,,,,,,,,,,,,SLAC_E154
5.0,0.441,,,,,-0.009,0.014,0.003,,0.0143,,,,,,,,,,,,,,,,,,,,,,,,,SLAC_E154
5.0,0.564,,,,,0.005,0.012,0.002,,0.0122,,,,,,,,,,,,,,,,,,,,,,,,,SLAC_E154
1.1,0.035,,,,,-0.269,0.182,0.065,,0.1933,-10.68,12.22,3.17,12.6245,,,,,-0.092,0.061,0.022,0.0648,,,,,,,,,,,,,SLAC_E142
1.2,0.05,,,,,-0.177,0.083,0.033,,0.0893,2.44,4.92,1.63,5.183,,,,,-0.082,0.038,0.017,0.0416,,,,,,,,,,,,,SLAC_E142
1.8,0.081,,,,,-0.151,0.044,0.025,,0.0506,-0.74,1.96,0.87,2.1444,,,,,-0.109,0.031,0.021,0.0374,,,,,,,,,,,,,SLAC_E142
2.5,0.124,,,,,-0.146,0.031,0.022,,0.038,-0.29,1.07,0.49,1.1769,,,,,-0.162,0.033,0.03,0.0446,,,,,,,,,,,,,SLAC_E142
3.1,0.174,,,,,-0.105,0.026,0.017,,0.0311,-0.88,0.74,0.34,0.8144,,,,,-0.17,0.041,0.042,0.0587,,,,,,,,,,,,,SLAC_E142
3.7,0.245,,,,,-0.045,0.018,0.009,,0.0201,-0.11,0.39,0.18,0.4295,,,,,-0.113,0.044,0.055,0.0704,,,,,,,,,,,,,SLAC_E142
4.4,0.341,,,,,0.011,0.019,0.005,,0.0196,0.16,0.28,0.09,0.2941,,,,,0.05,0.083,0.108,0.1362,,,,,,,,,,,,,SLAC_E142
5.5,0.466,,,,,0.0,0.016,0.003,,0.0163,-0.22,0.2,0.05,0.2062,,,,,0.006,0.159,0.108,0.1922,,,,,,,,,,,,,SLAC_E142
2.0,0.035,,,,,-0.311,0.207,0.074,,0.2198,,,,,,,,,,,,,,,,,,,,,,,,,SLAC_E142
2.0,0.05,,,,,-0.195,0.09,0.036,,0.0969,,,,,,,,,,,,,,,,,,,,,,,,,SLAC_E142
2.0,0.081,,,,,-0.154,0.044,0.026,,0.0511,,,,,,,,,,,,,,,,,,,,,,,,,SLAC_E142
2.0,0.124,,,,,-0.142,0.031,0.022,,0.038,,,,,,,,,,,,,,,,,,,,,,,,,SLAC_E142
2.0,0.174,,,,,-0.099,0.026,0.016,,0.0305,,,,,,,,,,,,,,,,,,,,,,,,,SLAC_E142
2.0,0.245,,,,,-0.042,0.018,0.009,,0.0201,,,,,,,,,,,,,,,,,,,,,,,,,SLAC_E142
2.0,0.341,,,,,0.01,0.02,0.006,,0.0209,,,,,,,,,,,,,,,,,,,,,,,,,SLAC_E142
2.0,0.466,,,,,0.0,0.02,0.003,,0.0202,,,,,,,,,,,,,,,,,,,,,,,,,SLAC_E142
1.3,0.082,,,,,,,,,,,,,,,,,,-0.13,,,0.08,,,,,,,,,,,,,SLAC_E142
1.6,0.082,,,,,,,,,,,,,,,,,,-0.11,,,0.05,,,,,,,,,,,,,SLAC_E142
1.9,0.082,,,,,,,,,,,,,,,,,,-0.18,,,0.07,,,,,,,,,,,,,SLAC_E142
2.0,0.082,,,,,,,,,,,,,,,,,,0.01,,,0.1,,,,,,,,,,,,,SLAC_E142
2.5,0.082,,,,,,,,,,,,,,,,,,-0.08,,,0.1,,,,,,,,,,,,,SLAC_E142
2.9,0.082,,,,,,,,,,,,,,,,,,-0.07,,,0.13,,,,,,,,,,,,,SLAC_E142
1.5,0.124,,,,,,,,,,,,,,,,,,-0.24,,,0.1,,,,,,,,,,,,,SLAC_E142
2.0,0.124,,,,,,,,,,,,,,,,,,-0.04,,,0.07,,,,,,,,,,,,,SLAC_E142
2.4,0.124,,,,,,,,,,,,,,,,,,-0.12,,,0.1,,,,,,,,,,,,,SLAC_E142
2.5,0.124,,,,,,,,,,,,,,,,,,-0.16,,,0.09,,,,,,,,,,,,,SLAC_E142
3.1,0.124,,,,,,,,,,,,,,,,,,-0.24,,,0.07,,,,,,,,,,,,,SLAC_E142
3.6,0.124,,,,,,,,,,,,,,,,,,-0.2,,,0.09,,,,,,,,,,,,,SLAC_E142
1.7,0.175,,,,,,,,,,,,,,,,,,0.01,,,0.15,,,,,,,,,,,,,SLAC_E142
2.2,0.175,,,,,,,,,,,,,,,,,,-0.05,,,0.09,,,,,,,,,,,,,SLAC_E142
2.7,0.175,,,,,,,,,,,,,,,,,,-0.14,,,0.15,,,,,,,,,,,,,SLAC_E142
2.9,0.175,,,,,,,,,,,,,,,,,,-0.22,,,0.1,,,,,,,,,,,,,SLAC_E142
3.7,0.175,,,,,,,,,,,,,,,,,,-0.23,,,0.07,,,,,,,,,,,,,SLAC_E142
4.4,0.175,,,,,,,,,,,,,,,,,,-0.24,,,0.1,,,,,,,,,,,,,SLAC_E142
1.8,0.246,,,,,,,,,,,,,,,,,,0.05,,,0.17,,,,,,,,,,,,,SLAC_E142
2.4,0.246,,,,,,,,,,,,,,,,,,-0.05,,,0.1,,,,,,,,,,,,,SLAC_E142
3.0,0.246,,,,,,,,,,,,,,,,,,-0.34,,,0.17,,,,,,,,,,,,,SLAC_E142
3.4,0.246,,,,,,,,,,,,,,,,,,-0.13,,,0.12,,,,,,,,,,,,,SLAC_E142
4.3,0.246,,,,,,,,,,,,,,,,,,-0.16,,,0.07,,,,,,,,,,,,,SLAC_E142
5.2,0.246,,,,,,,,,,,,,,,,,,-0.02,,,0.11,,,,,,,,,,,,,SLAC_E142
2.0,0.343,,,,,,,,,,,,,,,,,,0.3,,,0.34,,,,,,,,,,,,,SLAC_E142
2.6,0.343,,,,,,,,,,,,,,,,,,0.0,,,0.18,,,,,,,,,,,,,SLAC_E142
3.3,0.343,,,,,,,,,,,,,,,,,,-0.25,,,0.38,,,,,,,,,,,,,SLAC_E142
3.8,0.343,,,,,,,,,,,,,,,,,,-0.12,,,0.24,,,,,,,,,,,,,SLAC_E142
5.0,0.343,,,,,,,,,,,,,,,,,,-0.05,,,0.13,,,,,,,,,,,,,SLAC_E142
6.1,0.343,,,,,,,,,,,,,,,,,,0.47,,,0.2,,,,,,,,,,,,,SLAC_E142
0.57,0.16,,,,,-0.0716,0.0056,0.0084,,0.0101,0.0732,0.0083,0.0127,0.0152,,,,,,,,,,,,,,,,,,,,,Kramer
0.78,0.18,,,,,-0.0613,0.0079,0.0091,,0.0121,0.0791,0.0118,0.0132,0.0177,,,,,,,,,,,,,,,,,,,,,Kramer
0.94,0.19,,,,,-0.0552,0.0052,0.0078,,0.0094,0.0767,0.0088,0.0092,0.0127,,,,,,,,,,,,,,,,,,,,,Kramer
1.13,0.19,,,,,-0.0508,0.0051,0.0082,,0.0097,0.0488,0.0089,0.0078,0.0118,,,,,,,,,,,,,,,,,,,,,Kramer
1.34,0.2,,,,,-0.0443,0.0053,0.0078,,0.0094,0.0444,0.0086,0.0078,0.0116,,,,,,,,,,,,,,,,,,,,,Kramer
1.22,0.033,,,27.5,,-0.367,0.157,0.052,,0.1654,,,,,,,,,-0.111,0.048,0.018,0.0513,,,,,,,,,,,,,HERMES
1.47,0.047,,,27.5,,-0.263,0.124,0.028,,0.1271,,,,,,,,,-0.117,0.052,0.013,0.0536,,,,,,,,,,,,,HERMES
1.73,0.065,,,27.5,,-0.135,0.1,0.016,,0.1013,,,,,,,,,-0.077,0.055,0.011,0.0561,,,,,,,,,,,,,HERMES
1.99,0.087,,,27.5,,-0.172,0.088,0.015,,0.0893,,,,,,,,,-0.126,0.064,0.014,0.0655,,,,,,,,,,,,,HERMES
2.3,0.119,,,27.5,,-0.096,0.069,0.012,,0.07,,,,,,,,,-0.097,0.068,0.015,0.0696,,,,,,,,,,,,,HERMES
2.65,0.168,,,27.5,,-0.104,0.057,0.01,,0.0579,,,,,,,,,-0.158,0.085,0.02,0.0873,,,,,,,,,,,,,HERMES
3.07,0.244,,,27.5,,-0.031,0.046,0.005,,0.0463,,,,,,,,,-0.078,0.113,0.019,0.1146,,,,,,,,,,,,,HERMES
3.86,0.342,,,27.5,,0.031,0.046,0.005,,0.0463,,,,,,,,,0.146,0.219,0.052,0.2251,,,,,,,,,,,,,HERMES
5.25,0.464,,,27.5,,-0.013,0.033,0.003,,0.0331,,,,,,,,,-0.149,0.374,0.103,0.3879,,,,,,,,,,,,,HERMES
0.26,0.0058,,,,,-0.0288,0.436,0.0269,,,,,,,,,,,,,,,,,,,,,,,,,,,HERMES
0.41,0.0096,,,,,-0.1841,0.2302,0.0183,,,,,,,,,,,,,,,,,,,,,,,,,,,HERMES
0.57,0.0142,,,,,-0.2572,0.1747,0.0205,,,,,,,,,,,,,,,,,,,,,,,,,,,HERMES
0.73,0.019,,,,,-0.2757,0.172,0.0184,,,,,,,,,,,,,,,,,,,,,,,,,,,HERMES
0.82,0.0248,,,,,-0.2154,0.1298,0.0162,,,,,,,,,,,,,,,,,,,,,,,,,,,HERMES
1.12,0.0264,,,,,-0.227,0.2108,0.0226,,,,,,,,,,,,,,,,,,,,,,,,,,,HERMES
0.87,0.0325,,,,,-0.3594,0.24,0.0207,,,,,,,,,,,,,,,,,,,,,,,,,,,HERMES
1.25,0.0329,,,,,-0.4335,0.1371,0.0278,,,,,,,,,,,,,,,,,,,,,,,,,,,HERMES
0.9,0.0399,,,,,-0.2867,0.3256,0.0229,,,,,,,,,,,,,,,,,,,,,,,,,,,HERMES
1.38,0.0403,,,,,-0.2425,0.1029,0.0173,,,,,,,,,,,,,,,,,,,,,,,,,,,HERMES
0.93,0.0498,,,,,-0.2324,0.3841,0.0114,,,,,,,,,,,,,,,,,,,,,,,,,,,HERMES
1.54,0.0506,,,,,-0.1536,0.0732,0.0153,,,,,,,,,,,,,,,,,,,,,,,,,,,HERMES
1.25,0.0643,,,,,-0.1236,0.1531,0.0111,,,,,,,,,,,,,,,,,,,,,,,,,,,HERMES
1.85,0.0645,,,,,-0.0759,0.087,0.011,,,,,,,,,,,,,,,,,,,,,,,,,,,HERMES
2.58,0.0655,,,,,-0.1421,0.1014,0.0121,,,,,,,,,,,,,,,,,,,,,,,,,,,HERMES
1.31,0.0823,,,,,-0.2034,0.1623,0.0133,,,,,,,,,,,,,,,,,,,,,,,,,,,HERMES
2.06,0.0824,,,,,-0.0809,0.0769,0.0117,,,,,,,,,,,,,,,,,,,,,,,,,,,HERMES
3.08,0.0835,,,,,-0.1121,0.0733,0.0124,,,,,,,,,,,,,,,,,,,,,,,,,,,HERMES
1.38,0.1051,,,,,-0.2273,0.1804,0.0145,,,,,,,,,,,,,,,,,,,,,,,,,,,HERMES
2.29,0.1054,,,,,-0.1089,0.0703,0.0123,,,,,,,,,,,,,,,,,,,,,,,,,,,HERMES
3.65,0.1064,,,,,-0.1333,0.0578,0.0115,,,,,,,,,,,,,,,,,,,,,,,,,,,HERMES
1.46,0.1344,,,,,0.0484,0.2049,0.0104,,,,,,,,,,,,,,,,,,,,,,,,,,,HERMES
2.56,0.1347,,,,,-0.0555,0.0647,0.011,,,,,,,,,,,,,,,,,,,,,,,,,,,HERMES
4.3,0.1358,,,,,-0.1213,0.0475,0.0109,,,,,,,,,,,,,,,,,,,,,,,,,,,HERMES
1.56,0.1719,,,,,-0.1105,0.2376,0.0158,,,,,,,,,,,,,,,,,,,,,,,,,,,HERMES
2.87,0.1722,,,,,-0.0203,0.0602,0.0107,,,,,,,,,,,,,,,,,,,,,,,,,,,HERMES
5.05,0.1734,,,,,-0.0732,0.04,0.0083,,,,,,,,,,,,,,,,,,,,,,,,,,,HERMES
1.67,0.2191,,,,,-0.1138,0.2663,0.0138,,,,,,,,,,,,,,,,,,,,,,,,,,,HERMES
3.18,0.22,,,,,-0.0682,0.0561,0.0104,,,,,,,,,,,,,,,,,,,,,,,,,,,HERMES
5.87,0.2213,,,,,0.0014,0.0336,0.0042,,,,,,,,,,,,,,,,,,,,,,,,,,,HERMES
1.98,0.2786,,,,,0.0376,0.2296,0.0142,,,,,,,,,,,,,,,,,,,,,,,,,,,HERMES
3.77,0.281,,,,,-0.0526,0.0487,0.0086,,,,,,,,,,,,,,,,,,,,,,,,,,,HERMES
6.94,0.2824,,,,,-0.0311,0.0288,0.0048,,,,,,,,,,,,,,,,,,,,,,,,,,,HERMES
2.46,0.355,,,,,-0.0528,0.1771,0.0146,,,,,,,,,,,,,,,,,,,,,,,,,,,HERMES
4.62,0.3585,,,,,-0.007,0.0394,0.0064,,,,,,,,,,,,,,,,,,,,,,,,,,,HERMES
8.25,0.3603,,,,,0.0228,0.0245,0.0017,,,,,,,,,,,,,,,,,,,,,,,,,,,HERMES
3.08,0.452,,,,,0.0783,0.1331,0.012,,,,,,,,,,,,,,,,,,,,,,,,,,,HERMES
5.61,0.4567,,,,,0.0051,0.0305,0.0034,,,,,,,,,,,,,,,,,,,,,,,,,,,HERMES
9.72,0.4589,,,,,-0.0037,0.0197,0.0016,,,,,,,,,,,,,,,,,,,,,,,,,,,HERMES
3.9,0.5629,,,,,-0.0722,0.091,0.0092,,,,,,,,,,,,,,,,,,,,,,,,,,,HERMES
6.77,0.5798,,,,,-0.0011,0.0244,0.0015,,,,,,,,,,,,,,,,,,,,,,,,,,,HERMES
11.36,0.5823,,,,,0.0015,0.0146,0.0008,,,,,,,,,,,,,,,,,,,,,,,,,,,HERMES
6.32,0.6921,,,,,0.0246,0.0448,0.003,,,,,,,,,,,,,,,,,,,,,,,,,,,HERMES
9.56,0.7173,,,,,-0.0057,0.0112,0.0006,,,,,,,,,,,,,,,,,,,,,,,,,,,HERMES
14.29,0.7311,,,,,0.0079,0.0095,0.0003,,,,,,,,,,,,,,,,,,,,,,,,,,,HERMES
0.91,0.0253,,,,,-0.2172,0.1042,0.0179,,,,,,,,,,,,,,,,,,,,,,,,,,,HERMES
1.15,0.0328,,,,,-0.4158,0.1159,0.0258,,,,,,,,,,,,,,,,,,,,,,,,,,,HERMES
1.33,0.0403,,,,,-0.2492,0.097,0.0179,,,,,,,,,,,,,,,,,,,,,,,,,,,HERMES
1.51,0.0506,,,,,-0.1581,0.0711,0.0149,,,,,,,,,,,,,,,,,,,,,,,,,,,HERMES
2.01,0.0648,,,,,-0.1098,0.0584,0.0109,,,,,,,,,,,,,,,,,,,,,,,,,,,HERMES
2.45,0.0829,,,,,-0.1078,0.0491,0.0113,,,,,,,,,,,,,,,,,,,,,,,,,,,HERMES
2.97,0.1059,,,,,-0.1298,0.0427,0.0109,,,,,,,,,,,,,,,,,,,,,,,,,,,HERMES
3.59,0.1354,,,,,-0.0927,0.0375,0.0092,,,,,,,,,,,,,,,,,,,,,,,,,,,HERMES
4.31,0.173,,,,,-0.0576,0.033,0.0076,,,,,,,,,,,,,,,,,,,,,,,,,,,HERMES
5.13,0.2209,,,,,-0.0156,0.029,0.0047,,,,,,,,,,,,,,,,,,,,,,,,,,,HERMES
6.11,0.282,,,,,-0.0371,0.025,0.0048,,,,,,,,,,,,,,,,,,,,,,,,,,,HERMES
7.24,0.3598,,,,,0.0157,0.021,0.0023,,,,,,,,,,,,,,,,,,,,,,,,,,,HERMES
8.53,0.4583,,,,,-0.0026,0.0168,0.0017,,,,,,,,,,,,,,,,,,,,,,,,,,,HERMES
10.16,0.5819,,,,,0.0026,0.0125,0.0007,,,,,,,,,,,,,,,,,,,,,,,,,,,HERMES
12.21,0.7248,,,,,0.0025,0.0071,0.0003,,,,,,,,,,,,,,,,,,,,,,,,,,,HERMES
5.0,0.015,,,48.35,,-1.103,0.257,,,,,,,,,,,,,,,,,,,,,,,,,,,,SLAC_E155
5.0,0.025,,,48.35,,-0.277,0.152,,,,,,,,,,,,,,,,,,,,,,,,,,,,SLAC_E155
5.0,0.035,,,48.35,,-0.194,0.116,,,,,,,,,,,,,,,,,,,,,,,,,,,,SLAC_E155
5.0,0.05,,,48.35,,-0.178,0.091,,,,,,,,,,,,,,,,,,,,,,,,,,,,SLAC_E155
5.0,0.08,,,48.35,,-0.148,0.051,,,,,,,,,,,,,,,,,,,,,,,,,,,,SLAC_E155
5.0,0.125,,,48.35,,-0.065,0.03,,,,,,,,,,,,,,,,,,,,,,,,,,,,SLAC_E155
5.0,0.175,,,48.35,,-0.047,0.032,,,,,,,,,,,,,,,,,,,,,,,,,,,,SLAC_E155
5.0,0.25,,,48.35,,-0.017,0.017,,,,,,,,,,,,,,,,,,,,,,,,,,,,SLAC_E155
5.0,0.35,,,48.35,,0.016,0.019,,,,,,,,,,,,,,,,,,,,,,,,,,,,SLAC_E155
5.0,0.5,,,48.35,,0.003,0.01,,,,,,,,,,,,,,,,,,,,,,,,,,,,SLAC_E155
5.0,0.75,,,48.35,,0.004,0.005,,,,,,,,,,,,,,,,,,,,,,,,,,,,SLAC_E155
1.22,0.015,,,48.35,,-2.7403,0.8111,,,,,,,,-0.125,0.037,0.006,0.0375,,,,,,,,,,,,,,,,,SLAC_E155
1.59,0.025,,,48.35,,-0.5393,0.4825,,,,,,,,-0.038,0.034,0.007,0.0347,,,,,,,,,,,,,,,,,SLAC_E155
2.05,0.035,,,48.35,,-0.429,0.3646,,,,,,,,-0.04,0.034,0.008,0.0349,,,,,,,,,,,,,,,,,SLAC_E155
2.58,0.05,,,48.35,,-0.4312,0.2874,,,,,,,,-0.054,0.036,0.011,0.0376,,,,,,,,,,,,,,,,,SLAC_E155
4.01,0.05,,,48.35,,-7.4305,3.4885,,,,,,,,-0.852,0.4,0.012,0.4002,,,,,,,,,,,,,,,,,SLAC_E155
3.24,0.08,,,48.35,,-0.2037,0.1985,,,,,,,,-0.039,0.038,0.016,0.0412,,,,,,,,,,,,,,,,,SLAC_E155
5.36,0.08,,,48.35,,-0.8865,0.271,,,,,,,,-0.157,0.048,0.017,0.0509,,,,,,,,,,,,,,,,,SLAC_E155
4.03,0.125,,,48.35,,-0.117,0.179,,,,,,,,-0.034,0.052,0.024,0.0573,,,,,,,,,,,,,,,,,SLAC_E155
7.17,0.125,,,48.35,,-0.2396,0.1234,,,,,,,,-0.066,0.034,0.025,0.0422,,,,,,,,,,,,,,,,,SLAC_E155
10.99,0.125,,,48.35,,-1.5885,0.8896,,,,,,,,-0.425,0.238,0.028,0.2396,,,,,,,,,,,,,,,,,SLAC_E155
4.62,0.175,,,48.35,,-0.2135,0.2571,,,,,,,,-0.088,0.106,0.035,0.1116,,,,,,,,,,,,,,,,,SLAC_E155
8.9,0.175,,,48.35,,-0.1915,0.1393,,,,,,,,-0.077,0.056,0.036,0.0666,,,,,,,,,,,,,,,,,SLAC_E155
13.19,0.175,,,48.35,,-0.0251,0.274,,,,,,,,-0.01,0.109,0.039,0.1158,,,,,,,,,,,,,,,,,SLAC_E155
5.06,0.25,,,48.35,,-0.011,0.1786,,,,,,,,-0.007,0.114,0.053,0.1257,,,,,,,,,,,,,,,,,SLAC_E155
10.64,0.25,,,48.35,,-0.0412,0.0855,,,,,,,,-0.027,0.056,0.055,0.0785,,,,,,,,,,,,,,,,,SLAC_E155
17.21,0.25,,,48.35,,-0.0,0.0,,,,,,,,-0.069,0.075,0.057,0.0942,,,,,,,,,,,,,,,,,SLAC_E155
5.51,0.35,,,48.35,,0.1493,0.2621,,,,,,,,0.164,0.288,0.079,0.2986,,,,,,,,,,,,,,,,,SLAC_E155
12.6,0.35,,,48.35,,0.0841,0.1061,,,,,,,,0.103,0.13,0.082,0.1537,,,,,,,,,,,,,,,,,SLAC_E155
22.73,0.35,,,48.35,,0.0,0.0,,,,,,,,0.055,0.161,0.086,0.1825,,,,,,,,,,,,,,,,,SLAC_E155
5.77,0.5,,,48.35,,0.0601,0.1617,,,,,,,,0.155,0.417,0.117,0.4331,,,,,,,,,,,,,,,,,SLAC_E155
14.02,0.5,,,48.35,,0.0054,0.0589,,,,,,,,0.017,0.187,0.123,0.2238,,,,,,,,,,,,,,,,,SLAC_E155
26.86,0.5,,,48.35,,0.0,0.0,,,,,,,,0.057,0.309,0.125,0.3333,,,,,,,,,,,,,,,,,SLAC_E155
15.7,0.75,,,48.35,,0.0052,0.0065,,,,,,,,0.616,0.775,0.144,0.7883,,,,,,,,,,,,,,,,,SLAC_E155
34.72,0.75,,,48.35,,0.0021,0.0264,,,,,,,,0.254,3.141,0.138,3.144,,,,,,,,,,,,,,,,,SLAC_E155
1.27,0.031,,,,,0.077,0.345,0.074,,0.3528,,,,,,,,,,,,,,,,,,,,,,,,,SLAC_E143
1.4,0.035,,,,,-0.378,0.227,0.063,,0.2356,,,,,,,,,,,,,,,,,,,,,,,,,SLAC_E143
1.52,0.039,,,,,0.145,0.188,0.054,,0.1956,,,,,,,,,,,,,,,,,,,,,,,,,SLAC_E143
1.65,0.044,,,,,-0.401,0.16,0.043,,0.1657,,,,,,,,,,,,,,,,,,,,,,,,,SLAC_E143
1.78,0.049,,,,,-0.405,0.139,0.036,,0.1436,,,,,,,,,,,,,,,,,,,,,,,,,SLAC_E143
1.91,0.056,,,,,-0.244,0.121,0.029,,0.1244,,,,,,,,,,,,,,,,,,,,,,,,,SLAC_E143
2.04,0.063,,,,,-0.23,0.106,0.023,,0.1085,,,,,,,,,,,,,,,,,,,,,,,,,SLAC_E143
2.19,0.071,,,,,-0.182,0.095,0.021,,0.0973,,,,,,,,,,,,,,,,,,,,,,,,,SLAC_E143
2.41,0.079,,,,,-0.245,0.086,0.019,,0.0881,,,,,,,,,,,,,,,,,,,,,,,,,SLAC_E143
2.55,0.09,,,,,0.015,0.073,0.019,,0.0754,,,,,,,,,,,,,,,,,,,,,,,,,SLAC_E143
2.85,0.101,,,,,-0.13,0.067,0.017,,0.0691,,,,,,,,,,,,,,,,,,,,,,,,,SLAC_E143
3.13,0.113,,,,,-0.142,0.061,0.015,,0.0628,,,,,,,,,,,,,,,,,,,,,,,,,SLAC_E143
3.41,0.128,,,,,0.023,0.057,0.017,,0.0595,,,,,,,,,,,,,,,,,,,,,,,,,SLAC_E143
3.71,0.144,,,,,0.056,0.052,0.017,,0.0547,,,,,,,,,,,,,,,,,,,,,,,,,SLAC_E143
4.03,0.162,,,,,-0.1,0.049,0.014,,0.051,,,,,,,,,,,,,,,,,,,,,,,,,SLAC_E143
4.34,0.182,,,,,0.064,0.046,0.018,,0.0494,,,,,,,,,,,,,,,,,,,,,,,,,SLAC_E143
4.15,0.205,,,,,-0.088,0.04,0.015,,0.0427,,,,,,,,,,,,,,,,,,,,,,,,,SLAC_E143
4.37,0.23,,,,,-0.047,0.038,0.014,,0.0405,,,,,,,,,,,,,,,,,,,,,,,,,SLAC_E143
5.26,0.259,,,,,-0.14,0.04,0.013,,0.0421,,,,,,,,,,,,,,,,,,,,,,,,,SLAC_E143
5.53,0.292,,,,,0.009,0.037,0.013,,0.0392,,,,,,,,,,,,,,,,,,,,,,,,,SLAC_E143
6.01,0.329,,,,,0.032,0.036,0.013,,0.0383,,,,,,,,,,,,,,,,,,,,,,,,,SLAC_E143
6.29,0.37,,,,,0.026,0.034,0.011,,0.0357,,,,,,,,,,,,,,,,,,,,,,,,,SLAC_E143
6.56,0.416,,,,,-0.051,0.03,0.009,,0.0313,,,,,,,,,,,,,,,,,,,,,,,,,SLAC_E143
6.79,0.468,,,,,-0.012,0.027,0.007,,0.0279,,,,,,,,,,,,,,,,,,,,,,,,,SLAC_E143
7.72,0.526,,,,,0.009,0.025,0.006,,0.0257,,,,,,,,,,,,,,,,,,,,,,,,,SLAC_E143
7.97,0.592,,,,,-0.007,0.021,0.003,,0.0212,,,,,,,,,,,,,,,,,,,,,,,,,SLAC_E143
9.26,0.666,,,,,-0.004,0.017,0.001,,0.017,,,,,,,,,,,,,,,,,,,,,,,,,SLAC_E143
9.52,0.749,,,,,0.005,0.011,0.001,,0.011,,,,,,,,,,,,,,,,,,,,,,,,,SLAC_E143
2.0,0.031,,,,,0.085,0.378,0.081,,0.3866,,,,,,,,,,,,,,,,,,,,,,,,,SLAC_E143
2.0,0.035,,,,,-0.406,0.244,0.067,,0.253,,,,,,,,,,,,,,,,,,,,,,,,,SLAC_E143
2.0,0.039,,,,,0.153,0.197,0.056,,0.2048,,,,,,,,,,,,,,,,,,,,,,,,,SLAC_E143
2.0,0.044,,,,,-0.415,0.166,0.044,,0.1717,,,,,,,,,,,,,,,,,,,,,,,,,SLAC_E143
2.0,0.049,,,,,-0.413,0.141,0.036,,0.1455,,,,,,,,,,,,,,,,,,,,,,,,,SLAC_E143
2.0,0.056,,,,,-0.225,0.122,0.029,,0.1254,,,,,,,,,,,,,,,,,,,,,,,,,SLAC_E143
2.0,0.063,,,,,-0.229,0.106,0.023,,0.1085,,,,,,,,,,,,,,,,,,,,,,,,,SLAC_E143
2.0,0.071,,,,,-0.18,0.094,0.019,,0.0959,,,,,,,,,,,,,,,,,,,,,,,,,SLAC_E143
2.0,0.079,,,,,-0.24,0.084,0.017,,0.0857,,,,,,,,,,,,,,,,,,,,,,,,,SLAC_E143
2.0,0.09,,,,,0.015,0.071,0.017,,0.073,,,,,,,,,,,,,,,,,,,,,,,,,SLAC_E143
2.0,0.101,,,,,-0.125,0.064,0.015,,0.0657,,,,,,,,,,,,,,,,,,,,,,,,,SLAC_E143
2.0,0.113,,,,,-0.136,0.058,0.013,,0.0594,,,,,,,,,,,,,,,,,,,,,,,,,SLAC_E143
2.0,0.128,,,,,0.022,0.054,0.015,,0.056,,,,,,,,,,,,,,,,,,,,,,,,,SLAC_E143
2.0,0.144,,,,,0.053,0.05,0.015,,0.0522,,,,,,,,,,,,,,,,,,,,,,,,,SLAC_E143
2.0,0.162,,,,,-0.095,0.047,0.012,,0.0485,,,,,,,,,,,,,,,,,,,,,,,,,SLAC_E143
2.0,0.182,,,,,0.061,0.044,0.016,,0.0468,,,,,,,,,,,,,,,,,,,,,,,,,SLAC_E143
2.0,0.205,,,,,-0.086,0.039,0.014,,0.0414,,,,,,,,,,,,,,,,,,,,,,,,,SLAC_E143
2.0,0.23,,,,,-0.047,0.038,0.014,,0.0405,,,,,,,,,,,,,,,,,,,,,,,,,SLAC_E143
2.0,0.259,,,,,-0.144,0.041,0.012,,0.0427,,,,,,,,,,,,,,,,,,,,,,,,,SLAC_E143
2.0,0.292,,,,,0.009,0.04,0.013,,0.0421,,,,,,,,,,,,,,,,,,,,,,,,,SLAC_E143
2.0,0.329,,,,,0.036,0.041,0.013,,0.043,,,,,,,,,,,,,,,,,,,,,,,,,SLAC_E143
2.0,0.37,,,,,0.031,0.04,0.012,,0.0418,,,,,,,,,,,,,,,,,,,,,,,,,SLAC_E143
2.0,0.416,,,,,-0.067,0.04,0.01,,0.0412,,,,,,,,,,,,,,,,,,,,,,,,,SLAC_E143
2.0,0.468,,,,,-0.018,0.04,0.009,,0.041,,,,,,,,,,,,,,,,,,,,,,,,,SLAC_E143
2.0,0.526,,,,,0.016,0.047,0.009,,0.0479,,,,,,,,,,,,,,,,,,,,,,,,,SLAC_E143
2.0,0.592,,,,,-0.018,0.051,0.007,,0.0515,,,,,,,,,,,,,,,,,,,,,,,,,SLAC_E143
2.0,0.666,,,,,-0.015,0.067,0.005,,0.0672,,,,,,,,,,,,,,,,,,,,,,,,,SLAC_E143
2.0,0.749,,,,,0.034,0.073,0.007,,0.0733,,,,,,,,,,,,,,,,,,,,,,,,,SLAC_E143
3.0,0.031,,,,,0.091,0.408,0.088,,0.4174,,,,,,,,,,,,,,,,,,,,,,,,,SLAC_E143
3.0,0.035,,,,,-0.437,0.262,0.072,,0.2717,,,,,,,,,,,,,,,,,,,,,,,,,SLAC_E143
3.0,0.039,,,,,0.164,0.212,0.06,,0.2203,,,,,,,,,,,,,,,,,,,,,,,,,SLAC_E143
3.0,0.044,,,,,-0.444,0.177,0.048,,0.1834,,,,,,,,,,,,,,,,,,,,,,,,,SLAC_E143
3.0,0.049,,,,,-0.44,0.151,0.039,,0.156,,,,,,,,,,,,,,,,,,,,,,,,,SLAC_E143
3.0,0.056,,,,,-0.24,0.13,0.03,,0.1334,,,,,,,,,,,,,,,,,,,,,,,,,SLAC_E143
3.0,0.063,,,,,-0.243,0.112,0.024,,0.1145,,,,,,,,,,,,,,,,,,,,,,,,,SLAC_E143
3.0,0.071,,,,,-0.19,0.099,0.021,,0.1012,,,,,,,,,,,,,,,,,,,,,,,,,SLAC_E143
3.0,0.079,,,,,-0.252,0.088,0.018,,0.0898,,,,,,,,,,,,,,,,,,,,,,,,,SLAC_E143
3.0,0.09,,,,,0.016,0.074,0.018,,0.0762,,,,,,,,,,,,,,,,,,,,,,,,,SLAC_E143
3.0,0.101,,,,,-0.131,0.067,0.016,,0.0689,,,,,,,,,,,,,,,,,,,,,,,,,SLAC_E143
3.0,0.113,,,,,-0.141,0.061,0.014,,0.0626,,,,,,,,,,,,,,,,,,,,,,,,,SLAC_E143
3.0,0.128,,,,,0.023,0.056,0.016,,0.0582,,,,,,,,,,,,,,,,,,,,,,,,,SLAC_E143
3.0,0.144,,,,,0.055,0.051,0.016,,0.0535,,,,,,,,,,,,,,,,,,,,,,,,,SLAC_E143
3.0,0.162,,,,,-0.098,0.048,0.012,,0.0495,,,,,,,,,,,,,,,,,,,,,,,,,SLAC_E143
3.0,0.182,,,,,0.062,0.045,0.016,,0.0478,,,,,,,,,,,,,,,,,,,,,,,,,SLAC_E143
3.0,0.205,,,,,-0.087,0.039,0.014,,0.0414,,,,,,,,,,,,,,,,,,,,,,,,,SLAC_E143
3.0,0.23,,,,,-0.047,0.038,0.014,,0.0405,,,,,,,,,,,,,,,,,,,,,,,,,SLAC_E143
3.0,0.259,,,,,-0.141,0.04,0.012,,0.0418,,,,,,,,,,,,,,,,,,,,,,,,,SLAC_E143
3.0,0.292,,,,,0.009,0.039,0.013,,0.0411,,,,,,,,,,,,,,,,,,,,,,,,,SLAC_E143
3.0,0.329,,,,,0.034,0.039,0.013,,0.0411,,,,,,,,,,,,,,,,,,,,,,,,,SLAC_E143
3.0,0.37,,,,,0.029,0.037,0.011,,0.0386,,,,,,,,,,,,,,,,,,,,,,,,,SLAC_E143
3.0,0.416,,,,,-0.06,0.036,0.009,,0.0371,,,,,,,,,,,,,,,,,,,,,,,,,SLAC_E143
3.0,0.468,,,,,-0.015,0.034,0.008,,0.0349,,,,,,,,,,,,,,,,,,,,,,,,,SLAC_E143
3.0,0.526,,,,,0.013,0.037,0.008,,0.0379,,,,,,,,,,,,,,,,,,,,,,,,,SLAC_E143
3.0,0.592,,,,,-0.012,0.036,0.005,,0.0363,,,,,,,,,,,,,,,,,,,,,,,,,SLAC_E143
3.0,0.666,,,,,-0.009,0.041,0.003,,0.0411,,,,,,,,,,,,,,,,,,,,,,,,,SLAC_E143
3.0,0.749,,,,,0.018,0.039,0.004,,0.0392,,,,,,,,,,,,,,,,,,,,,,,,,SLAC_E143
5.0,0.031,,,,,0.1,0.448,0.097,,0.4584,,,,,,,,,,,,,,,,,,,,,,,,,SLAC_E143
5.0,0.035,,,,,-0.479,0.287,0.08,,0.2979,,,,,,,,,,,,,,,,,,,,,,,,,SLAC_E143
5.0,0.039,,,,,0.18,0.232,0.066,,0.2412,,,,,,,,,,,,,,,,,,,,,,,,,SLAC_E143
5.0,0.044,,,,,-0.485,0.194,0.053,,0.2011,,,,,,,,,,,,,,,,,,,,,,,,,SLAC_E143
5.0,0.049,,,,,-0.48,0.164,0.043,,0.1695,,,,,,,,,,,,,,,,,,,,,,,,,SLAC_E143
5.0,0.056,,,,,-0.261,0.142,0.033,,0.1458,,,,,,,,,,,,,,,,,,,,,,,,,SLAC_E143
5.0,0.063,,,,,-0.264,0.122,0.027,,0.125,,,,,,,,,,,,,,,,,,,,,,,,,SLAC_E143
5.0,0.071,,,,,-0.206,0.107,0.022,,0.1092,,,,,,,,,,,,,,,,,,,,,,,,,SLAC_E143
5.0,0.079,,,,,-0.273,0.095,0.02,,0.0971,,,,,,,,,,,,,,,,,,,,,,,,,SLAC_E143
5.0,0.09,,,,,0.017,0.08,0.019,,0.0822,,,,,,,,,,,,,,,,,,,,,,,,,SLAC_E143
5.0,0.101,,,,,-0.141,0.072,0.017,,0.074,,,,,,,,,,,,,,,,,,,,,,,,,SLAC_E143
5.0,0.113,,,,,-0.151,0.065,0.015,,0.0667,,,,,,,,,,,,,,,,,,,,,,,,,SLAC_E143
5.0,0.128,,,,,0.024,0.059,0.017,,0.0614,,,,,,,,,,,,,,,,,,,,,,,,,SLAC_E143
5.0,0.144,,,,,0.058,0.054,0.016,,0.0563,,,,,,,,,,,,,,,,,,,,,,,,,SLAC_E143
5.0,0.162,,,,,-0.102,0.05,0.013,,0.0517,,,,,,,,,,,,,,,,,,,,,,,,,SLAC_E143
5.0,0.182,,,,,0.064,0.046,0.017,,0.049,,,,,,,,,,,,,,,,,,,,,,,,,SLAC_E143
5.0,0.205,,,,,-0.089,0.04,0.014,,0.0424,,,,,,,,,,,,,,,,,,,,,,,,,SLAC_E143
5.0,0.23,,,,,-0.047,0.038,0.014,,0.0405,,,,,,,,,,,,,,,,,,,,,,,,,SLAC_E143
5.0,0.259,,,,,-0.14,0.04,0.012,,0.0418,,,,,,,,,,,,,,,,,,,,,,,,,SLAC_E143
5.0,0.292,,,,,0.009,0.038,0.013,,0.0402,,,,,,,,,,,,,,,,,,,,,,,,,SLAC_E143
5.0,0.329,,,,,0.032,0.037,0.012,,0.0389,,,,,,,,,,,,,,,,,,,,,,,,,SLAC_E143
5.0,0.37,,,,,0.027,0.035,0.011,,0.0367,,,,,,,,,,,,,,,,,,,,,,,,,SLAC_E143
5.0,0.416,,,,,-0.054,0.032,0.009,,0.0332,,,,,,,,,,,,,,,,,,,,,,,,,SLAC_E143
5.0,0.468,,,,,-0.013,0.029,0.007,,0.0298,,,,,,,,,,,,,,,,,,,,,,,,,SLAC_E143
5.0,0.526,,,,,0.01,0.029,0.006,,0.0296,,,,,,,,,,,,,,,,,,,,,,,,,SLAC_E143
5.0,0.592,,,,,-0.009,0.026,0.004,,0.0263,,,,,,,,,,,,,,,,,,,,,,,,,SLAC_E143
5.0,0.666,,,,,-0.006,0.026,0.002,,0.0261,,,,,,,,,,,,,,,,,,,,,,,,,SLAC_E143
5.0,0.749,,,,,0.009,0.021,0.002,,0.0211,,,,,,,,,,,,,,,,,,,,,,,,,SLAC_E143
0.51,0.024,,,16.2,,-2.2575,1.6849,0.2533,,1.7038,,,,,-0.205,0.153,0.023,0.1547,-0.205,0.153,0.023,0.1547,,,,,,,,,,,,,SLAC_E143
0.55,0.027,,,16.2,,-1.3353,1.4882,0.2243,,1.505,,,,,-0.131,0.146,0.022,0.1476,-0.131,0.146,0.022,0.1476,,,,,,,,,,,,,SLAC_E143
1.17,0.027,,,29.1,,-1.2102,2.7504,0.2445,,2.7612,,,,,-0.099,0.225,0.02,0.2259,-0.073,0.225,0.02,0.2259,,,,,,,,,,,,,SLAC_E143
0.59,0.031,,,16.2,,-0.4451,1.3353,0.1855,,1.3481,,,,,-0.048,0.144,0.02,0.1454,-0.048,0.144,0.02,0.1454,,,,,,,,,,,,,SLAC_E143
1.27,0.031,,,29.1,,0.229,1.0361,0.2072,,1.0566,,,,,0.021,0.095,0.019,0.0969,0.044,0.095,0.019,0.0969,,,,,,,,,,,,,SLAC_E143
0.31,0.035,,,9.7,,1.0813,0.8396,0.1612,,0.8549,,,,,0.161,0.125,0.024,0.1273,-0.159,0.125,0.024,0.1273,,,,,,,,,,,,,SLAC_E143
0.64,0.035,,,16.2,,-0.8317,1.1919,0.1543,,1.2018,,,,,-0.097,0.139,0.018,0.1402,-0.097,0.139,0.018,0.1402,,,,,,,,,,,,,SLAC_E143
1.4,0.035,,,29.1,,-1.1353,0.6812,0.1678,,0.7016,,,,,-0.115,0.069,0.017,0.0711,-0.126,0.069,0.017,0.0711,,,,,,,,,,,,,SLAC_E143
0.33,0.039,,,9.7,,0.3148,0.7682,0.1511,,0.7829,,,,,0.05,0.122,0.024,0.1243,0.053,0.122,0.024,0.1243,,,,,,,,,,,,,SLAC_E143
0.68,0.039,,,16.2,,1.1157,1.0838,0.1355,,1.0922,,,,,0.14,0.136,0.017,0.1371,0.14,0.136,0.017,0.1371,,,,,,,,,,,,,SLAC_E143
1.52,0.039,,,29.1,,0.4428,0.5694,0.1446,,0.5875,,,,,0.049,0.063,0.016,0.065,0.041,0.063,0.016,0.065,,,,,,,,,,,,,SLAC_E143
0.35,0.044,,,9.7,,0.6352,0.7342,0.1399,,0.7474,,,,,0.109,0.126,0.024,0.1283,-0.106,0.126,0.025,0.1285,,,,,,,,,,,,,SLAC_E143
0.73,0.044,,,16.2,,-1.4021,0.8809,0.1248,,0.8897,,,,,-0.191,0.12,0.017,0.1212,-0.191,0.12,0.017,0.1212,,,,,,,,,,,,,SLAC_E143
0.98,0.044,,,16.2,,-17.0231,22.7077,0.1456,,22.7082,,,,,-2.222,2.964,0.019,2.9641,-2.222,2.964,0.019,2.9641,,,,,,,,,,,,,SLAC_E143
1.65,0.044,,,29.1,,-1.2251,0.49,0.1143,,0.5032,,,,,-0.15,0.06,0.014,0.0616,-0.162,0.06,0.014,0.0616,,,,,,,,,,,,,SLAC_E143
0.36,0.049,,,9.7,,0.0161,0.7213,0.1346,,0.7338,,,,,0.003,0.134,0.025,0.1363,0.007,0.135,0.026,0.1375,,,,,,,,,,,,,SLAC_E143
0.78,0.049,,,16.2,,0.3067,0.8247,0.1091,,0.8319,,,,,0.045,0.121,0.016,0.1221,0.045,0.121,0.016,0.1221,,,,,,,,,,,,,SLAC_E143
1.06,0.049,,,16.2,,-2.2881,4.6047,0.1283,,4.6065,,,,,-0.321,0.646,0.018,0.6463,-0.321,0.646,0.018,0.6463,,,,,,,,,,,,,SLAC_E143
1.78,0.049,,,29.1,,-1.2683,0.4379,0.0981,,0.4488,,,,,-0.168,0.058,0.013,0.0594,-0.173,0.058,0.013,0.0594,,,,,,,,,,,,,SLAC_E143
0.38,0.056,,,9.7,,1.0855,0.6925,0.1326,,0.7051,,,,,0.221,0.141,0.027,0.1436,-0.217,0.141,0.027,0.1436,,,,,,,,,,,,,SLAC_E143
0.57,0.056,,,9.7,,39.5201,5.4939,0.1125,,5.4951,,,,,7.028,0.977,0.02,0.9772,7.031,5.978,0.02,5.978,,,,,,,,,,,,,SLAC_E143
0.83,0.056,,,16.2,,-0.6549,0.7847,0.0989,,0.7909,,,,,-0.106,0.127,0.016,0.128,-0.106,0.127,0.016,0.128,,,,,,,,,,,,,SLAC_E143
1.16,0.056,,,16.2,,0.389,2.3144,0.1102,,2.317,,,,,0.06,0.357,0.017,0.3574,0.061,0.358,0.017,0.3584,,,,,,,,,,,,,SLAC_E143
1.92,0.056,,,29.1,,-0.7329,0.39,0.0807,,0.3983,,,,,-0.109,0.058,0.012,0.0592,-0.095,0.058,0.012,0.0592,,,,,,,,,,,,,SLAC_E143
0.4,0.063,,,9.7,,0.4578,0.6754,0.1315,,0.6881,,,,,0.101,0.149,0.029,0.1518,-0.096,0.149,0.029,0.1518,,,,,,,,,,,,,SLAC_E143
0.6,0.063,,,9.7,,2.7398,3.1423,0.098,,3.1438,,,,,0.531,0.609,0.019,0.6093,0.532,0.609,0.02,0.6093,,,,,,,,,,,,,SLAC_E143
0.87,0.063,,,16.2,,-0.3614,0.7623,0.0904,,0.7676,,,,,-0.064,0.135,0.016,0.1359,-0.064,0.135,0.016,0.1359,,,,,,,,,,,,,SLAC_E143
1.26,0.063,,,16.2,,-0.4049,1.5601,0.0893,,1.5627,,,,,-0.068,0.262,0.015,0.2624,-0.068,0.262,0.016,0.2625,,,,,,,,,,,,,SLAC_E143
2.07,0.063,,,29.1,,-0.7535,0.3492,0.0674,,0.3556,,,,,-0.123,0.057,0.011,0.0581,-0.107,0.058,0.012,0.0592,,,,,,,,,,,,,SLAC_E143
2.69,0.063,,,29.1,,-14.8562,31.1287,0.1025,,31.1289,,,,,-2.318,4.857,0.016,4.857,-2.009,4.864,0.016,4.864,,,,,,,,,,,,,SLAC_E143
0.41,0.071,,,9.7,,0.534,0.7079,0.1325,,0.7202,,,,,0.129,0.171,0.032,0.174,0.135,0.171,0.033,0.1742,,,,,,,,,,,,,SLAC_E143
0.64,0.071,,,9.7,,1.1371,1.265,0.09,,1.2682,,,,,0.24,0.267,0.019,0.2677,-0.239,0.267,0.019,0.2677,,,,,,,,,,,,,SLAC_E143
0.92,0.071,,,16.2,,0.134,0.7473,0.0825,,0.7518,,,,,0.026,0.145,0.016,0.1459,0.026,0.145,0.017,0.146,,,,,,,,,,,,,SLAC_E143
1.36,0.071,,,16.2,,0.1798,1.2261,0.0763,,1.2285,,,,,0.033,0.225,0.014,0.2254,0.033,0.225,0.014,0.2254,,,,,,,,,,,,,SLAC_E143
2.22,0.071,,,29.1,,-0.6301,0.3261,0.0608,,0.3317,,,,,-0.114,0.059,0.011,0.06,-0.115,0.059,0.011,0.06,,,,,,,,,,,,,SLAC_E143
2.91,0.071,,,29.1,,-1.2881,2.039,0.0866,,2.0408,,,,,-0.223,0.353,0.015,0.3533,-0.267,0.353,0.015,0.3533,,,,,,,,,,,,,SLAC_E143
0.43,0.079,,,9.7,,0.62,0.7124,0.1463,,0.7273,,,,,0.161,0.185,0.038,0.1889,-0.154,0.186,0.039,0.19,,,,,,,,,,,,,SLAC_E143
0.69,0.079,,,9.7,,0.5327,0.8541,0.0836,,0.8582,,,,,0.121,0.194,0.019,0.1949,-0.12,0.194,0.019,0.1949,,,,,,,,,,,,,SLAC_E143
0.97,0.079,,,16.2,,-1.1483,0.7545,0.0759,,0.7583,,,,,-0.242,0.159,0.016,0.1598,-0.241,0.159,0.017,0.1599,,,,,,,,,,,,,SLAC_E143
1.47,0.079,,,16.2,,-2.19,1.0648,0.0653,,1.0668,,,,,-0.436,0.212,0.013,0.2124,-0.437,0.212,0.014,0.2125,,,,,,,,,,,,,SLAC_E143
2.38,0.079,,,29.1,,-0.6136,0.3195,0.0609,,0.3253,,,,,-0.121,0.063,0.012,0.0641,-0.119,0.064,0.012,0.0651,,,,,,,,,,,,,SLAC_E143
3.17,0.079,,,29.1,,-1.5283,0.8832,0.074,,0.8863,,,,,-0.289,0.167,0.014,0.1676,-0.316,0.167,0.014,0.1676,,,,,,,,,,,,,SLAC_E143
0.44,0.09,,,9.7,,0.0279,0.6742,0.1572,,0.6923,,,,,0.008,0.193,0.045,0.1982,0.0,0.193,0.046,0.1984,,,,,,,,,,,,,SLAC_E143
0.74,0.09,,,9.7,,0.9417,0.6225,0.0758,,0.6271,,,,,0.236,0.156,0.019,0.1572,-0.235,0.156,0.02,0.1573,,,,,,,,,,,,,SLAC_E143
1.01,0.09,,,16.2,,0.2296,0.7355,0.0723,,0.739,,,,,0.054,0.173,0.017,0.1738,0.054,0.173,0.018,0.1739,,,,,,,,,,,,,SLAC_E143
1.58,0.09,,,16.2,,1.2125,0.9366,0.0588,,0.9384,,,,,0.268,0.207,0.013,0.2074,0.268,0.207,0.013,0.2074,,,,,,,,,,,,,SLAC_E143
2.53,0.09,,,29.1,,-0.0136,0.3177,0.059,,0.3231,,,,,-0.003,0.07,0.013,0.0712,-0.022,0.071,0.013,0.0722,,,,,,,,,,,,,SLAC_E143
3.48,0.09,,,29.1,,-0.2309,0.5514,0.0613,,0.5548,,,,,-0.049,0.117,0.013,0.1177,-0.033,0.117,0.014,0.1178,,,,,,,,,,,,,SLAC_E143
0.45,0.101,,,9.7,,0.811,0.6533,0.1738,,0.676,,,,,0.252,0.203,0.054,0.2101,0.262,0.203,0.055,0.2103,,,,,,,,,,,,,SLAC_E143
0.78,0.101,,,9.7,,0.2549,0.5353,0.0765,,0.5407,,,,,0.07,0.147,0.021,0.1485,-0.069,0.147,0.021,0.1485,,,,,,,,,,,,,SLAC_E143
1.06,0.101,,,16.2,,-0.4713,0.7362,0.0662,,0.7392,,,,,-0.121,0.189,0.017,0.1898,-0.121,0.189,0.018,0.1899,,,,,,,,,,,,,SLAC_E143
1.69,0.101,,,16.2,,0.0657,0.8424,0.0493,,0.8438,,,,,0.016,0.205,0.012,0.2054,0.016,0.205,0.012,0.2054,,,,,,,,,,,,,SLAC_E143
2.69,0.101,,,29.1,,-0.6097,0.3213,0.0536,,0.3257,,,,,-0.148,0.078,0.013,0.0791,-0.129,0.079,0.014,0.0802,,,,,,,,,,,,,SLAC_E143
3.79,0.101,,,29.1,,-0.3186,0.4206,0.0552,,0.4242,,,,,-0.075,0.099,0.013,0.0998,-0.106,0.099,0.013,0.0998,,,,,,,,,,,,,SLAC_E143
0.47,0.113,,,9.7,,0.7084,0.6426,0.1913,,0.6705,,,,,0.237,0.215,0.064,0.2243,-0.226,0.215,0.064,0.2243,,,,,,,,,,,,,SLAC_E143
0.82,0.113,,,9.7,,0.2526,0.4885,0.0764,,0.4944,,,,,0.076,0.147,0.023,0.1488,-0.075,0.147,0.023,0.1488,,,,,,,,,,,,,SLAC_E143
1.1,0.113,,,16.2,,-0.2493,0.7305,0.0632,,0.7332,,,,,-0.071,0.208,0.018,0.2088,-0.071,0.208,0.019,0.2089,,,,,,,,,,,,,SLAC_E143
1.8,0.113,,,16.2,,-0.4696,0.7305,0.0447,,0.7319,,,,,-0.126,0.196,0.012,0.1964,-0.126,0.196,0.012,0.1964,,,,,,,,,,,,,SLAC_E143
2.84,0.113,,,29.1,,-0.3367,0.3255,0.0561,,0.3303,,,,,-0.09,0.087,0.015,0.0883,-0.103,0.088,0.016,0.0894,,,,,,,,,,,,,SLAC_E143
4.11,0.113,,,29.1,,-0.7768,0.3597,0.0497,,0.3631,,,,,-0.203,0.094,0.013,0.0949,-0.187,0.094,0.013,0.0949,,,,,,,,,,,,,SLAC_E143
0.48,0.128,,,9.7,,0.5724,0.6381,0.1972,,0.6679,,,,,0.209,0.233,0.072,0.2439,-0.196,0.233,0.072,0.2439,,,,,,,,,,,,,SLAC_E143
0.86,0.128,,,9.7,,0.5707,0.4542,0.0777,,0.4608,,,,,0.191,0.152,0.026,0.1542,0.193,0.152,0.026,0.1542,,,,,,,,,,,,,SLAC_E143
1.14,0.128,,,16.2,,0.9142,0.7082,0.0624,,0.7109,,,,,0.293,0.227,0.02,0.2279,0.294,0.227,0.021,0.228,,,,,,,,,,,,,SLAC_E143
1.91,0.128,,,16.2,,-0.6553,0.6454,0.0432,,0.6468,,,,,-0.197,0.194,0.013,0.1944,-0.197,0.194,0.014,0.1945,,,,,,,,,,,,,SLAC_E143
3.0,0.128,,,29.1,,0.5722,0.3212,0.0569,,0.3262,,,,,0.171,0.096,0.017,0.0975,0.176,0.098,0.018,0.0996,,,,,,,,,,,,,SLAC_E143
4.44,0.128,,,29.1,,-0.3591,0.315,0.044,,0.3181,,,,,-0.106,0.093,0.013,0.0939,-0.106,0.093,0.014,0.094,,,,,,,,,,,,,SLAC_E143
0.9,0.144,,,9.7,,0.2345,0.4258,0.0782,,0.4329,,,,,0.087,0.158,0.029,0.1606,-0.085,0.158,0.029,0.1606,,,,,,,,,,,,,SLAC_E143
1.18,0.144,,,16.2,,0.6115,0.7073,0.062,,0.71,,,,,0.217,0.251,0.022,0.252,0.218,0.251,0.023,0.2521,,,,,,,,,,,,,SLAC_E143
2.03,0.144,,,16.2,,-0.339,0.5888,0.0446,,0.5905,,,,,-0.114,0.198,0.015,0.1986,-0.114,0.198,0.016,0.1986,,,,,,,,,,,,,SLAC_E143
3.15,0.144,,,29.1,,0.1709,0.3177,0.054,,0.3223,,,,,0.057,0.106,0.018,0.1075,0.064,0.109,0.02,0.1108,,,,,,,,,,,,,SLAC_E143
4.78,0.144,,,29.1,,0.2918,0.2798,0.0391,,0.2825,,,,,0.097,0.093,0.013,0.0939,0.118,0.094,0.014,0.095,,,,,,,,,,,,,SLAC_E143
0.93,0.162,,,9.7,,0.0581,0.4017,0.0774,,0.4091,,,,,0.024,0.166,0.032,0.1691,0.027,0.166,0.033,0.1692,,,,,,,,,,,,,SLAC_E143
1.22,0.162,,,16.2,,-1.5983,0.6978,0.0625,,0.7006,,,,,-0.639,0.279,0.025,0.2801,-0.638,0.279,0.026,0.2802,,,,,,,,,,,,,SLAC_E143
2.14,0.162,,,16.2,,0.1031,0.5576,0.0476,,0.5596,,,,,0.039,0.211,0.018,0.2118,0.039,0.211,0.019,0.2119,,,,,,,,,,,,,SLAC_E143
3.3,0.162,,,29.1,,-0.1997,0.3169,0.0533,,0.3214,,,,,-0.075,0.119,0.02,0.1207,-0.112,0.124,0.021,0.1258,,,,,,,,,,,,,SLAC_E143
5.13,0.162,,,29.1,,-0.4211,0.2543,0.0371,,0.257,,,,,-0.159,0.096,0.014,0.097,-0.138,0.097,0.015,0.0982,,,,,,,,,,,,,SLAC_E143
0.97,0.182,,,9.7,,0.3283,0.3871,0.0761,,0.3945,,,,,0.151,0.178,0.035,0.1814,-0.148,0.178,0.036,0.1816,,,,,,,,,,,,,SLAC_E143
1.25,0.182,,,16.2,,0.4345,0.6983,0.0621,,0.7011,,,,,0.196,0.315,0.028,0.3162,0.198,0.315,0.029,0.3163,,,,,,,,,,,,,SLAC_E143
2.25,0.182,,,16.2,,0.6099,0.5305,0.0491,,0.5328,,,,,0.261,0.227,0.021,0.228,0.261,0.227,0.022,0.2281,,,,,,,,,,,,,SLAC_E143
3.45,0.182,,,29.1,,-0.0706,0.3152,0.0494,,0.319,,,,,-0.03,0.134,0.021,0.1356,0.013,0.14,0.023,0.1419,,,,,,,,,,,,,SLAC_E143
5.49,0.182,,,29.1,,0.3155,0.2343,0.0371,,0.2372,,,,,0.136,0.101,0.016,0.1023,0.132,0.102,0.017,0.1034,,,,,,,,,,,,,SLAC_E143
1.0,0.205,,,9.7,,0.5655,0.3731,0.07,,0.3796,,,,,0.291,0.192,0.036,0.1953,-0.285,0.19,0.037,0.1936,,,,,,,,,,,,,SLAC_E143
1.29,0.205,,,16.2,,0.2653,0.6978,0.0609,,0.7005,,,,,0.135,0.355,0.031,0.3564,0.137,0.355,0.032,0.3564,,,,,,,,,,,,,SLAC_E143
2.36,0.205,,,16.2,,-0.2252,0.5117,0.0471,,0.5139,,,,,-0.11,0.25,0.023,0.2511,-0.109,0.25,0.024,0.2511,,,,,,,,,,,,,SLAC_E143
3.59,0.205,,,29.1,,-0.0533,0.3096,0.0615,,0.3156,,,,,-0.026,0.151,0.03,0.154,20.032,0.16,0.025,0.1619,,,,,,,,,,,,,SLAC_E143
5.86,0.205,,,29.1,,-0.4714,0.2167,0.0361,,0.2197,,,,,-0.235,0.108,0.018,0.1095,-0.167,0.11,0.019,0.1116,,,,,,,,,,,,,SLAC_E143
1.03,0.23,,,9.7,,0.0017,0.3565,0.0678,,0.3629,,,,,0.001,0.205,0.039,0.2087,0.005,0.204,0.039,0.2077,,,,,,,,,,,,,SLAC_E143
1.32,0.23,,,16.2,,-0.2183,0.6947,0.0589,,0.6972,,,,,-0.126,0.401,0.034,0.4024,-0.123,0.401,0.035,0.4025,,,,,,,,,,,,,SLAC_E143
2.47,0.23,,,16.2,,-0.4096,0.5004,0.0463,,0.5025,,,,,-0.23,0.281,0.026,0.2822,-0.228,0.281,0.027,0.2823,,,,,,,,,,,,,SLAC_E143
3.73,0.23,,,29.1,,-0.6652,0.3131,0.0445,,0.3162,,,,,-0.374,0.176,0.025,0.1778,-0.398,0.189,0.027,0.1909,,,,,,,,,,,,,SLAC_E143
6.23,0.23,,,29.1,,0.0242,0.2071,0.0362,,0.2102,,,,,0.014,0.12,0.021,0.1218,0.067,0.123,0.022,0.125,,,,,,,,,,,,,SLAC_E143
1.35,0.259,,,16.2,,0.0167,0.6951,0.0545,,0.6972,,,,,0.011,0.459,0.036,0.4604,0.014,0.457,0.037,0.4585,,,,,,,,,,,,,SLAC_E143
2.57,0.259,,,16.2,,-0.5761,0.4801,0.0427,,0.482,,,,,-0.378,0.315,0.028,0.3162,-0.373,0.312,0.029,0.3133,,,,,,,,,,,,,SLAC_E143
3.85,0.259,,,29.1,,-0.4863,0.3106,0.0409,,0.3133,,,,,-0.321,0.205,0.027,0.2068,-0.529,0.225,0.029,0.2269,,,,,,,,,,,,,SLAC_E143
6.6,0.259,,,29.1,,-0.6153,0.1998,0.035,,0.2028,,,,,-0.422,0.137,0.024,0.1391,-0.491,0.141,0.025,0.1432,,,,,,,,,,,,,SLAC_E143
1.37,0.292,,,16.2,,0.7074,0.6969,0.0473,,0.6985,,,,,0.538,0.53,0.036,0.5312,0.54,0.529,0.037,0.5303,,,,,,,,,,,,,SLAC_E143
2.67,0.292,,,16.2,,0.2979,0.4558,0.0398,,0.4575,,,,,0.232,0.355,0.031,0.3564,0.234,0.355,0.031,0.3564,,,,,,,,,,,,,SLAC_E143
3.98,0.292,,,29.1,,0.0178,0.3085,0.0394,,0.311,,,,,0.014,0.243,0.031,0.245,-0.026,0.273,0.033,0.275,,,,,,,,,,,,,SLAC_E143
6.97,0.292,,,29.1,,-0.0617,0.1911,0.0339,,0.1941,,,,,-0.051,0.158,0.028,0.1605,-0.033,0.164,0.029,0.1665,,,,,,,,,,,,,SLAC_E143
2.76,0.329,,,16.2,,0.8821,0.4347,0.0425,,0.4368,,,,,0.83,0.409,0.04,0.411,0.829,0.408,0.041,0.4101,,,,,,,,,,,,,SLAC_E143
4.09,0.329,,,29.1,,0.1753,0.3099,0.0355,,0.3119,,,,,0.168,0.297,0.034,0.2989,0.248,0.343,0.036,0.3449,,,,,,,,,,,,,SLAC_E143
7.33,0.329,,,29.1,,-0.0305,0.1831,0.0325,,0.186,,,,,-0.031,0.186,0.033,0.1889,0.009,0.196,0.035,0.1991,,,,,,,,,,,,,SLAC_E143
2.85,0.37,,,16.2,,-0.443,0.4136,0.0321,,0.4148,,,,,-0.511,0.477,0.037,0.4784,-0.515,0.476,0.038,0.4775,,,,,,,,,,,,,SLAC_E143
4.2,0.37,,,29.1,,0.2695,0.3114,0.0311,,0.3129,,,,,0.321,0.371,0.037,0.3728,0.469,0.443,0.04,0.4448,,,,,,,,,,,,,SLAC_E143
7.69,0.37,,,29.1,,0.1694,0.1757,0.0297,,0.1782,,,,,0.217,0.225,0.038,0.2282,0.243,0.239,0.04,0.2423,,,,,,,,,,,,,SLAC_E143
2.93,0.416,,,16.2,,-0.2051,0.393,0.0242,,0.3937,,,,,-0.297,0.569,0.035,0.5701,-0.31,0.569,0.037,0.5702,,,,,,,,,,,,,SLAC_E143
4.3,0.416,,,29.1,,-0.1953,0.3106,0.0256,,0.3117,,,,,-0.298,0.474,0.039,0.4756,-0.02,0.588,0.043,0.5896,,,,,,,,,,,,,SLAC_E143
8.03,0.416,,,29.1,,-0.2475,0.1666,0.024,,0.1683,,,,,-0.413,0.278,0.04,0.2809,-0.392,0.3,0.043,0.3031,,,,,,,,,,,,,SLAC_E143
3.01,0.468,,,16.2,,0.5283,0.3677,0.0203,,0.3683,,,,,0.99,0.689,0.038,0.69,0.962,0.689,0.04,0.6902,,,,,,,,,,,,,SLAC_E143
4.4,0.468,,,29.1,,-0.5923,0.3087,0.0197,,0.3093,,,,,-1.205,0.628,0.04,0.6293,-0.94,0.814,0.044,0.8152,,,,,,,,,,,,,SLAC_E143
8.37,0.468,,,29.1,,-0.0337,0.1557,0.0192,,0.1569,,,,,-0.077,0.356,0.044,0.3587,-0.064,0.392,0.048,0.3949,,,,,,,,,,,,,SLAC_E143
4.47,0.526,,,29.1,,-0.079,0.2957,0.0134,,0.296,,,,,-0.224,0.838,0.038,0.8389,-1.063,1.15,0.044,1.1508,,,,,,,,,,,,,SLAC_E143
8.67,0.526,,,29.1,,0.0773,0.1417,0.0141,,0.1424,,,,,0.257,0.471,0.047,0.4733,0.304,0.53,0.053,0.5326,,,,,,,,,,,,,SLAC_E143
4.55,0.592,,,29.1,,0.0583,0.2709,0.0077,,0.271,,,,,0.243,1.129,0.032,1.1295,1.249,1.639,0.042,1.6395,,,,,,,,,,,,,SLAC_E143
8.98,0.592,,,29.1,,-0.0624,0.1206,0.009,,0.1209,,,,,-0.331,0.64,0.048,0.6418,-1.283,0.744,0.057,0.7462,,,,,,,,,,,,,SLAC_E143
9.26,0.666,,,29.1,,-0.0201,0.0915,0.0048,,0.0916,,,,,-0.192,0.876,0.046,0.8772,0.112,1.078,0.059,1.0796,,,,,,,,,,,,,SLAC_E143
9.52,0.749,,,29.1,,0.0283,0.0614,0.0036,,0.0615,,,,,0.569,1.233,0.073,1.2352,0.613,1.605,0.088,1.6074,,,,,,,,,,,,,SLAC_E143
1.3,0.005,,,,,-1.0,1.3,0.4,,1.3601,,,,,,,,,,,,,,,,,,,,,,,,,SMC
2.0,0.008,,,,,-2.4,0.8,0.2,,0.8246,,,,,,,,,,,,,,,,,,,,,,,,,SMC
3.2,0.014,,,,,-1.0,0.4,0.1,,0.4123,,,,,,,,,,,,,,,,,,,,,,,,,SMC
4.9,0.025,,,,,-0.46,0.39,0.07,,0.3962,,,,,,,,,,,,,,,,,,,,,,,,,SMC
6.4,0.035,,,,,-0.34,0.35,0.06,,0.3551,,,,,,,,,,,,,,,,,,,,,,,,,SMC
8.5,0.049,,,,,0.16,0.23,0.08,,0.2435,,,,,,,,,,,,,,,,,,,,,,,,,SMC
11.9,0.077,,,,,-0.23,0.15,0.04,,0.1552,,,,,,,,,,,,,,,,,,,,,,,,,SMC
16.8,0.12,,,,,-0.09,0.12,0.04,,0.1265,,,,,,,,,,,,,,,,,,,,,,,,,SMC
22.2,0.17,,,,,0.25,0.12,0.05,,0.13,,,,,,,,,,,,,,,,,,,,,,,,,SMC
29.4,0.24,,,,,0.06,0.08,0.03,,0.0854,,,,,,,,,,,,,,,,,,,,,,,,,SMC
38.8,0.34,,,,,-0.08,0.066,0.017,,0.0682,,,,,,,,,,,,,,,,,,,,,,,,,SMC
48.7,0.48,,,,,-0.024,0.034,0.008,,0.0349,,,,,,,,,,,,,,,,,,,,,,,,,SMC
1.23,0.0046,,,,,-0.814,0.3808,0.2082,0.0637,0.4387,,,,,-0.027,0.0179,0.0098,0.0204,,,,,,,,,,,,,,,,,COMPASS_(CJ15+CT18)
1.39,0.0055,,,,,-0.5544,0.3078,0.1743,0.063,0.3593,,,,,-0.0205,0.0161,0.0092,0.0185,,,,,,,,,,,,,,,,,COMPASS_(CJ15+CT18)
1.61,0.007,,,,,-0.6122,0.1934,0.0962,0.0572,0.2235,,,,,-0.0274,0.0122,0.006,0.0137,,,,,,,,,,,,,,,,,COMPASS_(CJ15+CT18)
1.91,0.009,,,,,-0.6554,0.1796,0.111,0.0275,0.2129,,,,,-0.035,0.0136,0.0084,0.0159,,,,,,,,,,,,,,,,,COMPASS_(CJ15+CT18)
3.03,0.0154,,,,,-0.9239,0.1041,0.0754,0.0402,0.1347,,,,,-0.0678,0.0107,0.0078,0.0133,,,,,,,,,,,,,,,,,COMPASS_(CJ15+CT18)
4.11,0.0244,,,,,-0.5987,0.0841,0.0591,0.0232,0.1054,,,,,-0.069,0.0136,0.0096,0.0167,,,,,,,,,,,,,,,,,COMPASS_(CJ15+CT18)
5.6,0.0346,,,,,-0.4639,0.0795,0.058,0.0111,0.099,,,,,-0.0758,0.0183,0.0134,0.0227,,,,,,,,,,,,,,,,,COMPASS_(CJ15+CT18)
7.64,0.0488,,,,,-0.4139,0.0584,0.041,0.0056,0.0716,,,,,-0.0931,0.0185,0.013,0.0227,,,,,,,,,,,,,,,,,COMPASS_(CJ15+CT18)
11.7,0.0767,,,,,-0.2258,0.0399,0.0389,0.0023,0.0558,,,,,-0.0841,0.021,0.0204,0.0293,,,,,,,,,,,,,,,,,COMPASS_(CJ15+CT18)
18.0,0.1215,,,,,-0.1781,0.0305,0.0318,0.003,0.0442,,,,,-0.1284,0.031,0.0324,0.045,,,,,,,,,,,,,,,,,COMPASS_(CJ15+CT18)
24.8,0.1715,,,,,-0.1106,0.0279,0.0273,0.0025,0.0391,,,,,-0.1291,0.046,0.045,0.0645,,,,,,,,,,,,,,,,,COMPASS_(CJ15+CT18)
31.3,0.2225,,,,,-0.0636,0.0251,0.0219,0.0013,0.0333,,,,,-0.1298,0.0724,0.0631,0.0961,,,,,,,,,,,,,,,,,COMPASS_(CJ15+CT18)
39.5,0.291,,,,,-0.0464,0.0163,0.0141,0.0001,0.0216,,,,,-0.1628,0.0807,0.0702,0.107,,,,,,,,,,,,,,,,,COMPASS_(CJ15+CT18)
52.0,0.406,,,,,-0.0051,0.0113,0.0108,0.0009,0.0157,,,,,-0.0433,0.1382,0.1314,0.1908,,,,,,,,,,,,,,,,,COMPASS_(CJ15+CT18)
67.4,0.5685,,,,,-0.0027,0.0049,0.0046,0.001,0.0068,,,,,-0.1349,0.345,0.3227,0.4753,,,,,,,,,,,,,,,,,COMPASS_(CJ15+CT18)
1.23,0.0046,,,,,-0.8523,0.5943,0.3424,,0.6859,,,,,-0.0292,0.0204,0.0117,0.0235,,,,,,,,,,,,,,,,,COMPASS(SIM_prel.)
1.39,0.0055,,,,,-0.4624,0.4141,0.2517,,0.4846,,,,,-0.0198,0.0177,0.0108,0.0207,,,,,,,,,,,,,,,,,COMPASS(SIM_prel.)
1.61,0.007,,,,,-0.4815,0.2332,0.1158,,0.2604,,,,,-0.0276,0.0133,0.0066,0.0148,,,,,,,,,,,,,,,,,COMPASS(SIM_prel.)
1.91,0.009,,,,,-0.5086,0.1961,0.1212,,0.2305,,,,,-0.039,0.0151,0.0093,0.0177,,,,,,,,,,,,,,,,,COMPASS(SIM_prel.)
3.03,0.0154,,,,,-0.6002,0.0998,0.0705,,0.1222,,,,,-0.0686,0.0114,0.0081,0.014,,,,,,,,,,,,,,,,,COMPASS(SIM_prel.)
4.11,0.0244,,,,,-0.3878,0.0866,0.06,,0.1054,,,,,-0.0677,0.0151,0.0105,0.0184,,,,,,,,,,,,,,,,,COMPASS(SIM_prel.)
5.6,0.0346,,,,,-0.3196,0.0877,0.0627,,0.1078,,,,,-0.0743,0.0204,0.0146,0.0251,,,,,,,,,,,,,,,,,COMPASS(SIM_prel.)
7.64,0.0488,,,,,-0.299,0.0683,0.0476,,0.0833,,,,,-0.0896,0.0205,0.0143,0.025,,,,,,,,,,,,,,,,,COMPASS(SIM_prel.)
11.7,0.0767,,,,,-0.1453,0.0505,0.0496,,0.0708,,,,,-0.066,0.0229,0.0225,0.0321,,,,,,,,,,,,,,,,,COMPASS(SIM_prel.)
18.0,0.1215,,,,,-0.1119,0.0415,0.0436,,0.0602,,,,,-0.0907,0.0336,0.0353,0.0487,,,,,,,,,,,,,,,,,COMPASS(SIM_prel.)
24.8,0.1715,,,,,-0.0633,0.0399,0.0396,,0.0562,,,,,-0.079,0.0498,0.0494,0.0701,,,,,,,,,,,,,,,,,COMPASS(SIM_prel.)
31.3,0.2225,,,,,-0.0274,0.0372,0.0327,,0.0495,,,,,-0.0566,0.0768,0.0675,0.1022,,,,,,,,,,,,,,,,,COMPASS(SIM_prel.)
39.5,0.291,,,,,-0.0219,0.025,0.0222,,0.0334,,,,,-0.0741,0.0846,0.0751,0.1131,,,,,,,,,,,,,,,,,COMPASS(SIM_prel.)
52.0,0.406,,,,,0.0126,0.0188,0.018,,0.026,,,,,0.0964,0.1438,0.1377,0.1991,,,,,,,,,,,,,,,,,COMPASS(SIM_prel.)
67.4,0.5685,,,,,0.0035,0.0096,0.009,,0.0132,,,,,0.1311,0.3596,0.3371,0.4929,,,,,,,,,,,,,,,,,COMPASS(SIM_prel.)
1.697,0.3836,2.2792,,,,-0.0022,,,,0.0002,,,,,-0.0084,,,0.043,,,,,,,,,,,,,,,,,CLAS_EG1dvcs(SIM_prel.)
1.697,0.4443,2.5952,,,,-0.0033,,,,0.0001,,,,,-0.0186,,,0.0532,,,,,,,,,,,,,,,,,CLAS_EG1dvcs(SIM_prel.)
2.4,0.5597,1.9928,,,,0.0082,,,,0.0001,,,,,0.1055,,,0.0509,,,,,,,,,,,,,,,,,CLAS_EG1dvcs(SIM_prel.)
2.4,0.3891,2.8534,,,,0.0019,,,,0.0001,,,,,0.0085,,,0.0277,,,,,,,,,,,,,,,,,CLAS_EG1dvcs(SIM_prel.)
2.4,0.4672,2.3672,,,,0.0047,,,,0.0001,,,,,0.0341,,,0.0395,,,,,,,,,,,,,,,,,CLAS_EG1dvcs(SIM_prel.)
2.4,0.6805,1.4426,,,,-0.0065,,,,0.0001,,,,,-0.1802,,,0.0902,,,,,,,,,,,,,,,,,CLAS_EG1dvcs(SIM_prel.)
4.233,0.6821,1.6538,,,,-0.0015,,,,0.0001,,,,,-0.0627,,,0.0739,,,,,,,,,,,,,,,,,CLAS_EG1dvcs(SIM_prel.)
4.233,0.5496,2.4794,,,,0.0055,,,,0.0001,,,,,0.0712,,,0.0526,,,,,,,,,,,,,,,,,CLAS_EG1dvcs(SIM_prel.)
0.748,0.0797,2.9543,,,,-0.1173,,,,0.0014,,,,,-0.0722,,,0.0405,,,,,,,,,,,,,,,,,CLAS_EG1dvcs(SIM_prel.)
0.849,0.1055,2.854,,,,-0.1486,,,,0.0006,,,,,-0.119,,,0.0251,,,,,,,,,,,,,,,,,CLAS_EG1dvcs(SIM_prel.)
1.049,0.1376,2.9016,,,,-0.1315,,,,0.0003,,,,,-0.1334,,,0.0193,,,,,,,,,,,,,,,,,CLAS_EG1dvcs(SIM_prel.)
1.196,0.1589,2.9345,,,,-0.0757,,,,0.0003,,,,,-0.0871,,,0.018,,,,,,,,,,,,,,,,,CLAS_EG1dvcs(SIM_prel.)
1.196,0.1983,3.9123,,,,-0.0854,,,,0.0004,,,,,-0.129,,,0.0347,,,,,,,,,,,,,,,,,CLAS_EG1dvcs(SIM_prel.)
1.442,0.1718,3.3613,,,,-0.0929,,,,0.0003,,,,,-0.1131,,,0.0239,,,,,,,,,,,,,,,,,CLAS_EG1dvcs(SIM_prel.)
1.442,0.2258,2.6613,,,,-0.0352,,,,0.0002,,,,,-0.0613,,,0.0203,,,,,,,,,,,,,,,,,CLAS_EG1dvcs(SIM_prel.)
1.442,0.274,2.4617,,,,-0.0423,,,,0.0005,,,,,-0.0937,,,0.0671,,,,,,,,,,,,,,,,,CLAS_EG1dvcs(SIM_prel.)
1.697,0.2271,3.0553,,,,-0.0445,,,,0.0002,,,,,-0.0802,,,0.0179,,,,,,,,,,,,,,,,,CLAS_EG1dvcs(SIM_prel.)
1.697,0.2982,2.6432,,,,-0.0163,,,,0.0002,,,,,-0.0409,,,0.0213,,,,,,,,,,,,,,,,,CLAS_EG1dvcs(SIM_prel.)
2.4,0.3115,3.0971,,,,-0.001,,,,0.0002,,,,,-0.0029,,,0.0289,,,,,,,,,,,,,,,,,CLAS_EG1dvcs(SIM_prel.)
4.233,0.4675,2.7807,,,,-0.0013,,,,0.0001,,,,,-0.0112,,,0.0528,,,,,,,,,,,,,,,,,CLAS_EG1dvcs(SIM_prel.)
0.01739,0.0080220732947856,1.7416,,,,0.51068,1.1242,0.154,,,,,,,0.37073,0.81275,0.11226,,0.37424,0.82333,0.11366,,,,,,,,,,,,,,CLAS_EG1b
0.02078,0.0080220732947856,1.7037,,,,-0.79744,1.0688,0.09479,,,,,,,-0.57048,0.8176,0.07148,,-0.58107,0.83196,0.07267,,,,,,,,,,,,,,CLAS_EG1b
0.02068,0.0080220732947856,1.7409,,,,-1.0158,0.95785,0.12184,,,,,,,-0.7432,0.69726,0.08997,,-0.7563,0.70807,0.09138,,,,,,,,,,,,,,CLAS_EG1b
0.02062,0.0080220732947856,1.7796,,,,-0.24031,1.015,0.22743,,,,,,,-0.16002,0.70517,0.15427,,-0.16542,0.71482,0.15629,,,,,,,,,,,,,,CLAS_EG1b
0.02477,0.0080220732947856,1.6226,,,,0.21867,0.73171,0.04922,,,,,,,0.2062,0.69247,0.04611,,0.20181,0.71165,0.04746,,,,,,,,,,,,,,CLAS_EG1b
0.02468,0.0080220732947856,1.6604,,,,-0.18142,0.65588,0.06162,,,,,,,-0.13103,0.58601,0.05276,,-0.13884,0.60011,0.05401,,,,,,,,,,,,,,CLAS_EG1b
0.02462,0.0080220732947856,1.702,,,,-0.15159,0.55223,0.08039,,,,,,,-0.0999,0.42521,0.06377,,-0.1034,0.43407,0.06513,,,,,,,,,,,,,,CLAS_EG1b
0.0245,0.0080220732947856,1.7406,,,,-0.86197,0.59084,0.08421,,,,,,,-0.62899,0.43179,0.06344,,-0.64177,0.4397,0.06466,,,,,,,,,,,,,,CLAS_EG1b
0.02441,0.0080220732947856,1.7781,,,,0.70088,0.73962,0.28215,,,,,,,0.48609,0.51898,0.1968,,0.49001,0.52746,0.19973,,,,,,,,,,,,,,CLAS_EG1b
0.02973,0.0080220732947856,1.5014,,,,0.07847,0.74895,0.1655,,,,,,,0.06995,0.70756,0.16434,,0.06132,0.74523,0.17347,,,,,,,,,,,,,,CLAS_EG1b
0.02961,0.0080220732947856,1.5419,,,,0.2151,0.57523,0.13388,,,,,,,0.20472,0.54617,0.12732,,0.1974,0.57064,0.13353,,,,,,,,,,,,,,CLAS_EG1b
0.02946,0.0080220732947856,1.5812,,,,-0.33734,0.4868,0.08471,,,,,,,-0.32116,0.46339,0.08123,,-0.34787,0.4811,0.08465,,,,,,,,,,,,,,CLAS_EG1b
0.02934,0.0080220732947856,1.6213,,,,-0.25115,0.41129,0.05501,,,,,,,-0.23996,0.38994,0.05266,,-0.25966,0.40273,0.05449,,,,,,,,,,,,,,CLAS_EG1b
0.02928,0.0080220732947856,1.6614,,,,0.08915,0.40255,0.0428,,,,,,,0.07905,0.3592,0.03846,,0.07491,0.36937,0.03964,,,,,,,,,,,,,,CLAS_EG1b
0.02911,0.0080220732947856,1.7,,,,-0.38311,0.38415,0.04639,,,,,,,-0.29511,0.29827,0.03579,,-0.30475,0.30563,0.03669,,,,,,,,,,,,,,CLAS_EG1b
0.02909,0.0080220732947856,1.7406,,,,0.49683,0.56608,0.08568,,,,,,,0.36567,0.41777,0.06247,,0.3729,0.42698,0.06373,,,,,,,,,,,,,,CLAS_EG1b
0.0291,0.0080220732947856,1.7785,,,,-1.2679,1.1265,0.15495,,,,,,,-0.89204,0.79317,0.10951,,-0.91347,0.80847,0.11154,,,,,,,,,,,,,,CLAS_EG1b
0.03537,0.0080220732947856,1.3808,,,,-0.44283,0.60567,0.09898,,,,,,,-0.58631,0.80689,0.12998,,-0.68662,0.89582,0.14345,,,,,,,,,,,,,,CLAS_EG1b
0.03545,0.0080220732947856,1.4219,,,,-0.21738,0.47676,0.11588,,,,,,,-0.27443,0.60915,0.14383,,-0.32712,0.66416,0.15697,,,,,,,,,,,,,,CLAS_EG1b
0.03529,0.0080220732947856,1.461,,,,-0.24891,0.42322,0.13231,,,,,,,-0.30651,0.47106,0.14529,,-0.35299,0.5062,0.15645,,,,,,,,,,,,,,CLAS_EG1b
0.03514,0.0080220732947856,1.5008,,,,-0.65707,0.37086,0.13813,,,,,,,-0.62218,0.35141,0.13657,,-0.6768,0.37336,0.14549,,,,,,,,,,,,,,CLAS_EG1b
0.03497,0.0080220732947856,1.5404,,,,0.17354,0.3358,0.11876,,,,,,,0.16571,0.32006,0.11295,,0.15698,0.33698,0.11936,,,,,,,,,,,,,,CLAS_EG1b
0.03491,0.0080220732947856,1.581,,,,-0.57147,0.31171,0.08268,,,,,,,-0.54504,0.29728,0.07919,,-0.58779,0.31066,0.08312,,,,,,,,,,,,,,CLAS_EG1b
0.03477,0.0080220732947856,1.62,,,,-0.44212,0.30164,0.05113,,,,,,,-0.42047,0.2867,0.0496,,-0.45038,0.29781,0.05171,,,,,,,,,,,,,,CLAS_EG1b
0.03472,0.0080220732947856,1.6607,,,,-0.5113,0.30398,0.04564,,,,,,,-0.45891,0.2726,0.04143,,-0.48178,0.28171,0.04289,,,,,,,,,,,,,,CLAS_EG1b
0.03463,0.0080220732947856,1.6991,,,,-0.62492,0.55953,0.06063,,,,,,,-0.49146,0.43759,0.0496,,-0.50914,0.45042,0.05118,,,,,,,,,,,,,,CLAS_EG1b
0.03475,0.0080220732947856,1.7404,,,,-0.72743,0.6928,0.07085,,,,,,,-0.54315,0.51236,0.05495,,-0.55861,0.52558,0.05649,,,,,,,,,,,,,,CLAS_EG1b
0.03474,0.0080220732947856,1.7796,,,,-0.67203,0.90215,0.63763,,,,,,,-0.48644,0.64022,0.43875,,-0.50281,0.65491,0.44781,,,,,,,,,,,,,,CLAS_EG1b
0.03583,0.0080220732947856,2.0604,,,,0.70726,1.3194,0.18244,,,,,,,0.36371,0.67108,0.09767,,0.36983,0.67841,0.09885,,,,,,,,,,,,,,CLAS_EG1b
0.04262,0.0080220732947856,1.2216,,,,0.13895,0.68986,0.10611,,,,,,,0.06812,0.40364,0.07615,,0.10074,0.54492,0.10561,,,,,,,,,,,,,,CLAS_EG1b
0.04254,0.0080220732947856,1.261,,,,-0.54971,0.48439,0.09473,,,,,,,-0.38602,0.365,0.06756,,-0.51734,0.46266,0.08467,,,,,,,,,,,,,,CLAS_EG1b
0.04214,0.0080220732947856,1.2998,,,,0.52869,0.39476,0.06601,,,,,,,0.543,0.40826,0.05931,,0.62467,0.4924,0.0696,,,,,,,,,,,,,,CLAS_EG1b
0.04195,0.0080220732947856,1.3401,,,,0.15612,0.35753,0.05991,,,,,,,0.2362,0.44627,0.07489,,0.22512,0.51835,0.08345,,,,,,,,,,,,,,CLAS_EG1b
0.04212,0.0080220732947856,1.3813,,,,-0.29532,0.3012,0.08345,,,,,,,-0.38909,0.39881,0.10872,,-0.47804,0.45061,0.12112,,,,,,,,,,,,,,CLAS_EG1b
0.04183,0.0080220732947856,1.4205,,,,-0.43358,0.27088,0.1015,,,,,,,-0.55508,0.34642,0.12603,,-0.64805,0.38309,0.13931,,,,,,,,,,,,,,CLAS_EG1b
0.04163,0.0080220732947856,1.4602,,,,0.14664,0.27228,0.11246,,,,,,,0.14549,0.30478,0.12457,,0.13069,0.33142,0.13586,,,,,,,,,,,,,,CLAS_EG1b
0.04151,0.0080220732947856,1.4999,,,,-0.60367,0.27595,0.11427,,,,,,,-0.57339,0.26279,0.11371,,-0.63448,0.2821,0.12247,,,,,,,,,,,,,,CLAS_EG1b
0.04152,0.0080220732947856,1.5403,,,,-0.51213,0.26405,0.0942,,,,,,,-0.49122,0.25318,0.09012,,-0.54159,0.26892,0.09623,,,,,,,,,,,,,,CLAS_EG1b
0.04144,0.0080220732947856,1.5801,,,,0.08285,0.24951,0.05706,,,,,,,0.07954,0.2395,0.05471,,0.06279,0.25223,0.05807,,,,,,,,,,,,,,CLAS_EG1b
0.04143,0.0080220732947856,1.6202,,,,0.1361,0.31099,0.03352,,,,,,,0.12943,0.29732,0.03104,,0.11885,0.31108,0.03251,,,,,,,,,,,,,,CLAS_EG1b
0.04142,0.0080220732947856,1.6601,,,,-0.12869,0.40405,0.03759,,,,,,,-0.09907,0.36549,0.03283,,-0.11118,0.38002,0.03417,,,,,,,,,,,,,,CLAS_EG1b
0.04143,0.0080220732947856,1.6999,,,,-0.3701,0.50199,0.03628,,,,,,,-0.28225,0.39491,0.03011,,-0.29541,0.40867,0.03137,,,,,,,,,,,,,,CLAS_EG1b
0.04142,0.0080220732947856,1.7401,,,,0.02261,0.57545,0.1,,,,,,,0.01897,0.42871,0.07428,,0.01892,0.44182,0.07646,,,,,,,,,,,,,,CLAS_EG1b
0.04297,0.0080220732947856,1.9848,,,,0.82088,0.99754,0.09655,,,,,,,0.45128,0.54856,0.05312,,0.46054,0.5572,0.05393,,,,,,,,,,,,,,CLAS_EG1b
0.04257,0.0080220732947856,2.0234,,,,-1.501,0.63771,0.10199,,,,,,,-0.79511,0.33891,0.05553,,-0.80362,0.34371,0.05638,,,,,,,,,,,,,,CLAS_EG1b
0.04201,0.0080220732947856,2.0571,,,,-0.31841,0.5062,0.06866,,,,,,,-0.16338,0.26112,0.03702,,-0.16308,0.26448,0.03757,,,,,,,,,,,,,,CLAS_EG1b
0.05035,0.0080220732947856,1.1814,,,,0.4125,0.35426,0.08341,,,,,,,0.21301,0.28519,0.06713,,0.27785,0.43831,0.10985,,,,,,,,,,,,,,CLAS_EG1b
0.04995,0.0080220732947856,1.2202,,,,-0.64488,0.32118,0.10953,,,,,,,-0.37316,0.18366,0.06779,,-0.53589,0.25811,0.09693,,,,,,,,,,,,,,CLAS_EG1b
0.04965,0.0080220732947856,1.2592,,,,0.06463,0.28921,0.08894,,,,,,,0.03729,0.21114,0.05954,,0.02696,0.27646,0.07721,,,,,,,,,,,,,,CLAS_EG1b
0.04994,0.0080220732947856,1.3,,,,-0.28425,0.25868,0.04989,,,,,,,-0.30549,0.26407,0.04677,,-0.41183,0.32727,0.05227,,,,,,,,,,,,,,CLAS_EG1b
0.04989,0.0080220732947856,1.3404,,,,0.09471,0.21592,0.04759,,,,,,,0.11204,0.26721,0.05929,,0.09212,0.31761,0.06438,,,,,,,,,,,,,,CLAS_EG1b
0.04956,0.0080220732947856,1.3798,,,,0.10819,0.19892,0.06832,,,,,,,0.14281,0.26272,0.08843,,0.11894,0.30259,0.09911,,,,,,,,,,,,,,CLAS_EG1b
0.04952,0.0080220732947856,1.4199,,,,-0.48561,0.21028,0.0858,,,,,,,-0.61225,0.27013,0.10652,,-0.72572,0.30371,0.11934,,,,,,,,,,,,,,CLAS_EG1b
0.04943,0.0080220732947856,1.4597,,,,0.11813,0.23015,0.09139,,,,,,,0.11357,0.25881,0.10302,,0.09196,0.28537,0.11409,,,,,,,,,,,,,,CLAS_EG1b
0.04946,0.0080220732947856,1.5,,,,-0.15552,0.24318,0.08639,,,,,,,-0.15091,0.23317,0.08732,,-0.18606,0.25336,0.09535,,,,,,,,,,,,,,CLAS_EG1b
0.04951,0.0080220732947856,1.5401,,,,-0.2195,0.24198,0.06961,,,,,,,-0.21244,0.23389,0.06712,,-0.25118,0.25113,0.07247,,,,,,,,,,,,,,CLAS_EG1b
0.04949,0.0080220732947856,1.5801,,,,-0.13266,0.2602,0.04311,,,,,,,-0.12858,0.25223,0.04178,,-0.16084,0.26811,0.04477,,,,,,,,,,,,,,CLAS_EG1b
0.04945,0.0080220732947856,1.6201,,,,0.07732,0.30043,0.02107,,,,,,,0.07429,0.29045,0.0202,,0.05868,0.30626,0.02128,,,,,,,,,,,,,,CLAS_EG1b
0.04938,0.0080220732947856,1.6596,,,,0.02756,0.35585,0.03145,,,,,,,0.03292,0.32616,0.02547,,0.02433,0.3415,0.02654,,,,,,,,,,,,,,CLAS_EG1b
0.04945,0.0080220732947856,1.7006,,,,0.57157,0.43927,0.06401,,,,,,,0.45732,0.34941,0.04944,,0.4717,0.36379,0.05147,,,,,,,,,,,,,,CLAS_EG1b
0.04937,0.0080220732947856,1.7394,,,,-1.0097,0.72443,0.12219,,,,,,,-0.76812,0.54996,0.09075,,-0.79685,0.57032,0.09396,,,,,,,,,,,,,,CLAS_EG1b
0.05165,0.0080220732947856,1.8646,,,,-0.6601,1.2078,0.13743,,,,,,,-0.43214,0.77323,0.09257,,-0.44752,0.79329,0.09497,,,,,,,,,,,,,,CLAS_EG1b
0.05129,0.0080220732947856,1.9038,,,,-0.06872,0.6264,0.04051,,,,,,,-0.04153,0.38097,0.02537,,-0.04365,0.38978,0.02555,,,,,,,,,,,,,,CLAS_EG1b
0.05071,0.0080220732947856,1.9422,,,,-0.16314,0.44866,0.04323,,,,,,,-0.09649,0.26142,0.02506,,-0.098,0.26682,0.02533,,,,,,,,,,,,,,CLAS_EG1b
0.05022,0.0080220732947856,1.9817,,,,-0.36304,0.35561,0.05574,,,,,,,-0.20642,0.19942,0.03118,,-0.20801,0.2031,0.03169,,,,,,,,,,,,,,CLAS_EG1b
0.04985,0.0080220732947856,2.0219,,,,-0.715,0.31019,0.06016,,,,,,,-0.38612,0.16783,0.03274,,-0.38941,0.17062,0.03333,,,,,,,,,,,,,,CLAS_EG1b
0.04949,0.0080220732947856,2.0552,,,,-0.46225,0.34917,0.04755,,,,,,,-0.24018,0.18349,0.02532,,-0.24094,0.18627,0.02577,,,,,,,,,,,,,,CLAS_EG1b
0.0592,0.0080220732947856,1.1405,,,,0.12005,0.19087,0.03686,,,,,,,0.05011,0.4719,0.10312,,-0.08939,0.87623,0.21392,,,,,,,,,,,,,,CLAS_EG1b
0.05896,0.0080220732947856,1.1801,,,,-0.38072,0.25081,0.08734,,,,,,,-0.27798,0.20443,0.05976,,-0.46631,0.33063,0.1022,,,,,,,,,,,,,,CLAS_EG1b
0.05931,0.0080220732947856,1.2201,,,,-0.82885,0.2606,0.11455,,,,,,,-0.46754,0.14601,0.07014,,-0.69522,0.2144,0.10741,,,,,,,,,,,,,,CLAS_EG1b
0.05948,0.0080220732947856,1.26,,,,0.33582,0.22457,0.09079,,,,,,,0.24202,0.16171,0.05825,,0.30235,0.21991,0.07908,,,,,,,,,,,,,,CLAS_EG1b
0.05915,0.0080220732947856,1.2995,,,,-0.16698,0.19103,0.04794,,,,,,,-0.15818,0.19195,0.0435,,-0.24633,0.24536,0.04736,,,,,,,,,,,,,,CLAS_EG1b
0.05896,0.0080220732947856,1.3394,,,,-0.07752,0.17908,0.04569,,,,,,,-0.11173,0.22009,0.05655,,-0.18121,0.26847,0.05908,,,,,,,,,,,,,,CLAS_EG1b
0.05901,0.0080220732947856,1.3797,,,,-0.40888,0.17512,0.06054,,,,,,,-0.53775,0.23164,0.07867,,-0.69013,0.27277,0.08806,,,,,,,,,,,,,,CLAS_EG1b
0.05904,0.0080220732947856,1.4196,,,,-0.32139,0.18516,0.07008,,,,,,,-0.41545,0.2391,0.08789,,-0.52658,0.27402,0.09989,,,,,,,,,,,,,,CLAS_EG1b
0.05911,0.0080220732947856,1.46,,,,-0.09287,0.21014,0.06965,,,,,,,-0.10835,0.23808,0.07985,,-0.16022,0.26689,0.08994,,,,,,,,,,,,,,CLAS_EG1b
0.05915,0.0080220732947856,1.5002,,,,-0.01021,0.20887,0.06121,,,,,,,-0.01045,0.20221,0.06302,,-0.03863,0.22282,0.06986,,,,,,,,,,,,,,CLAS_EG1b
0.05902,0.0080220732947856,1.5398,,,,-0.06936,0.2149,0.04831,,,,,,,-0.06803,0.21004,0.04714,,-0.1012,0.2283,0.05146,,,,,,,,,,,,,,CLAS_EG1b
0.059,0.0080220732947856,1.5799,,,,-0.10657,0.24461,0.03611,,,,,,,-0.10452,0.24024,0.03561,,-0.14273,0.25811,0.03839,,,,,,,,,,,,,,CLAS_EG1b
0.05901,0.0080220732947856,1.62,,,,-0.25708,0.27647,0.02857,,,,,,,-0.25233,0.27131,0.02836,,-0.29162,0.28869,0.03019,,,,,,,,,,,,,,CLAS_EG1b
0.05893,0.0080220732947856,1.6596,,,,-0.04534,0.31529,0.03043,,,,,,,-0.04183,0.29367,0.02698,,-0.05646,0.31,0.02874,,,,,,,,,,,,,,CLAS_EG1b
0.05907,0.0080220732947856,1.7007,,,,-0.50561,0.50282,0.053,,,,,,,-0.40918,0.40826,0.04212,,-0.43476,0.42823,0.04451,,,,,,,,,,,,,,CLAS_EG1b
0.05902,0.0080220732947856,1.7391,,,,-1.0895,0.64833,0.07963,,,,,,,-0.83771,0.49924,0.06087,,-0.87385,0.52058,0.06373,,,,,,,,,,,,,,CLAS_EG1b
0.05922,0.0080220732947856,1.7789,,,,0.60232,0.46979,0.0824,,,,,,,0.44373,0.34705,0.06133,,0.45363,0.36018,0.06372,,,,,,,,,,,,,,CLAS_EG1b
0.06076,0.0080220732947856,1.8217,,,,-0.32049,0.44736,0.05826,,,,,,,-0.22144,0.31201,0.04203,,-0.23594,0.3227,0.04307,,,,,,,,,,,,,,CLAS_EG1b
0.06042,0.0080220732947856,1.8627,,,,-0.5709,0.32149,0.04194,,,,,,,-0.3794,0.21142,0.02791,,-0.39544,0.21783,0.02787,,,,,,,,,,,,,,CLAS_EG1b
0.05975,0.0080220732947856,1.9009,,,,-0.49784,0.25622,0.04435,,,,,,,-0.31339,0.16031,0.02823,,-0.32344,0.16464,0.0284,,,,,,,,,,,,,,CLAS_EG1b
0.0594,0.0080220732947856,1.9408,,,,-0.36064,0.24116,0.04662,,,,,,,-0.21592,0.1443,0.02792,,-0.22048,0.14778,0.02824,,,,,,,,,,,,,,CLAS_EG1b
0.05916,0.0080220732947856,1.9805,,,,0.20232,0.24139,0.05154,,,,,,,0.11434,0.13897,0.02962,,0.11942,0.14198,0.03012,,,,,,,,,,,,,,CLAS_EG1b
0.059,0.0080220732947856,2.0203,,,,-0.44302,0.24269,0.05225,,,,,,,-0.24445,0.13482,0.02917,,-0.24558,0.13746,0.02966,,,,,,,,,,,,,,CLAS_EG1b
0.05889,0.0080220732947856,2.0538,,,,0.15674,0.41224,0.04442,,,,,,,0.08702,0.22306,0.0243,,0.09196,0.22711,0.02461,,,,,,,,,,,,,,CLAS_EG1b
0.07071,0.0080220732947856,1.1407,,,,0.25771,0.16315,0.04476,,,,,,,0.56634,0.40044,0.08612,,0.94765,0.79248,0.15979,,,,,,,,,,,,,,CLAS_EG1b
0.07051,0.0080220732947856,1.22,,,,-0.53411,0.21042,0.11125,,,,,,,-0.29314,0.1157,0.07062,,-0.45896,0.17808,0.11836,,,,,,,,,,,,,,CLAS_EG1b
0.07046,0.0080220732947856,1.2593,,,,-0.37001,0.19479,0.09207,,,,,,,-0.26102,0.13734,0.06008,,-0.39876,0.19444,0.08496,,,,,,,,,,,,,,CLAS_EG1b
0.07057,0.0080220732947856,1.2994,,,,0.14642,0.17761,0.05341,,,,,,,0.14532,0.17714,0.04612,,0.14497,0.2344,0.0513,,,,,,,,,,,,,,CLAS_EG1b
0.07059,0.0080220732947856,1.3396,,,,0.02387,0.16168,0.04054,,,,,,,0.01859,0.19873,0.04917,,-0.03202,0.24973,0.04464,,,,,,,,,,,,,,CLAS_EG1b
0.07041,0.0080220732947856,1.3795,,,,0.0464,0.15643,0.04951,,,,,,,0.05754,0.20782,0.06435,,0.01082,0.25096,0.06914,,,,,,,,,,,,,,CLAS_EG1b
0.07056,0.0080220732947856,1.4199,,,,-0.39751,0.16565,0.05666,,,,,,,-0.5224,0.2155,0.07184,,-0.67402,0.25234,0.08196,,,,,,,,,,,,,,CLAS_EG1b
0.07057,0.0080220732947856,1.4601,,,,0.26958,0.1784,0.05388,,,,,,,0.29125,0.20408,0.06308,,0.28406,0.23304,0.07217,,,,,,,,,,,,,,CLAS_EG1b
0.07043,0.0080220732947856,1.4997,,,,-0.14747,0.18956,0.04351,,,,,,,-0.14637,0.18592,0.04559,,-0.19507,0.2082,0.05119,,,,,,,,,,,,,,CLAS_EG1b
0.07056,0.0080220732947856,1.54,,,,-0.05189,0.20065,0.03324,,,,,,,-0.0511,0.19906,0.0329,,-0.08958,0.21941,0.03597,,,,,,,,,,,,,,CLAS_EG1b
0.0706,0.0080220732947856,1.58,,,,0.02852,0.21565,0.02739,,,,,,,0.02849,0.21544,0.02747,,-0.00335,0.2343,0.02936,,,,,,,,,,,,,,CLAS_EG1b
0.07061,0.0080220732947856,1.6197,,,,-0.30783,0.22764,0.02519,,,,,,,-0.30796,0.22773,0.02545,,-0.35772,0.24499,0.02692,,,,,,,,,,,,,,CLAS_EG1b
0.07089,0.0080220732947856,1.6609,,,,-0.30353,0.27083,0.02588,,,,,,,-0.29158,0.25727,0.0244,,-0.32559,0.27423,0.02636,,,,,,,,,,,,,,CLAS_EG1b
0.07091,0.0080220732947856,1.7006,,,,-0.3042,0.25981,0.03496,,,,,,,-0.24542,0.21346,0.02887,,-0.265,0.22567,0.03138,,,,,,,,,,,,,,CLAS_EG1b
0.07085,0.0080220732947856,1.7397,,,,0.34423,0.22088,0.04132,,,,,,,0.27221,0.17437,0.03239,,0.28581,0.18322,0.03477,,,,,,,,,,,,,,CLAS_EG1b
0.07068,0.0080220732947856,1.7776,,,,0.03321,0.2209,0.03452,,,,,,,0.02694,0.16783,0.02639,,0.02079,0.17534,0.02773,,,,,,,,,,,,,,CLAS_EG1b
0.07131,0.0080220732947856,1.8214,,,,0.043,0.21328,0.02204,,,,,,,0.03063,0.15315,0.01614,,0.02387,0.15927,0.01537,,,,,,,,,,,,,,CLAS_EG1b
0.07069,0.0080220732947856,1.8603,,,,-0.13093,0.19018,0.02096,,,,,,,-0.08692,0.12926,0.01414,,-0.09489,0.13384,0.01231,,,,,,,,,,,,,,CLAS_EG1b
0.07057,0.0080220732947856,1.9002,,,,-0.25045,0.19221,0.02774,,,,,,,-0.15811,0.12408,0.01784,,-0.16456,0.12801,0.01705,,,,,,,,,,,,,,CLAS_EG1b
0.07035,0.0080220732947856,1.9398,,,,-0.14752,0.20183,0.03697,,,,,,,-0.09223,0.12464,0.02262,,-0.09415,0.12819,0.02256,,,,,,,,,,,,,,CLAS_EG1b
0.07051,0.0080220732947856,1.9805,,,,-0.43993,0.23231,0.04447,,,,,,,-0.258,0.13822,0.02628,,-0.26138,0.14179,0.02661,,,,,,,,,,,,,,CLAS_EG1b
0.07052,0.0080220732947856,2.0205,,,,0.04691,0.31658,0.04358,,,,,,,0.02815,0.18148,0.02514,,0.03302,0.18571,0.02552,,,,,,,,,,,,,,CLAS_EG1b
0.07026,0.0080220732947856,2.0522,,,,-0.16114,0.49514,0.03343,,,,,,,-0.08923,0.27539,0.01889,,-0.0874,0.28127,0.01911,,,,,,,,,,,,,,CLAS_EG1b
0.07271,0.0080220732947856,2.6625,,,,-0.67005,1.3254,0.22001,,,,,,,-0.23947,0.47018,0.07937,,-0.24002,0.47324,0.07991,,,,,,,,,,,,,,CLAS_EG1b
0.08427,0.0080220732947856,1.1406,,,,0.00432,0.13266,0.03536,,,,,,,-0.09303,0.32527,0.20871,,-0.37447,0.68474,0.5137,,,,,,,,,,,,,,CLAS_EG1b
0.08416,0.0080220732947856,1.1804,,,,-0.34679,0.17537,0.08261,,,,,,,-0.302,0.13861,0.05645,,-0.57318,0.25057,0.12665,,,,,,,,,,,,,,CLAS_EG1b
0.08412,0.0080220732947856,1.2198,,,,-0.66093,0.1888,0.10904,,,,,,,-0.36095,0.10231,0.06576,,-0.59007,0.16564,0.12279,,,,,,,,,,,,,,CLAS_EG1b
0.08414,0.0080220732947856,1.2594,,,,-0.133,0.17736,0.08938,,,,,,,-0.10043,0.1237,0.05686,,-0.17671,0.183,0.08992,,,,,,,,,,,,,,CLAS_EG1b
0.08413,0.0080220732947856,1.2993,,,,0.19777,0.16407,0.05032,,,,,,,0.1814,0.16275,0.04436,,0.20045,0.22368,0.0513,,,,,,,,,,,,,,CLAS_EG1b
0.08418,0.0080220732947856,1.3394,,,,-0.07219,0.15081,0.03824,,,,,,,-0.08935,0.186,0.0463,,-0.18547,0.24136,0.03381,,,,,,,,,,,,,,CLAS_EG1b
0.08443,0.0080220732947856,1.38,,,,0.10267,0.14153,0.03894,,,,,,,0.13747,0.18962,0.05081,,0.09592,0.23553,0.04678,,,,,,,,,,,,,,CLAS_EG1b
0.08446,0.0080220732947856,1.4201,,,,-0.29431,0.14192,0.03773,,,,,,,-0.38647,0.18679,0.04883,,-0.53533,0.22412,0.05336,,,,,,,,,,,,,,CLAS_EG1b
0.08471,0.0080220732947856,1.4601,,,,-0.12314,0.15434,0.03363,,,,,,,-0.13806,0.17902,0.03979,,-0.21645,0.20888,0.04556,,,,,,,,,,,,,,CLAS_EG1b
0.08481,0.0080220732947856,1.5003,,,,-0.36334,0.15599,0.0289,,,,,,,-0.36179,0.15567,0.03015,,-0.45187,0.17765,0.03483,,,,,,,,,,,,,,CLAS_EG1b
0.08472,0.0080220732947856,1.54,,,,-0.14529,0.15868,0.02565,,,,,,,-0.14705,0.16046,0.02606,,-0.20278,0.1798,0.02987,,,,,,,,,,,,,,CLAS_EG1b
0.08454,0.0080220732947856,1.5799,,,,-0.07851,0.15743,0.02351,,,,,,,-0.08019,0.16069,0.02408,,-0.12883,0.17725,0.02721,,,,,,,,,,,,,,CLAS_EG1b
0.08471,0.0080220732947856,1.62,,,,0.11215,0.16095,0.02012,,,,,,,0.11499,0.16491,0.02044,,0.09378,0.17963,0.02249,,,,,,,,,,,,,,CLAS_EG1b
0.08469,0.0080220732947856,1.6606,,,,-0.20066,0.1374,0.01805,,,,,,,-0.19815,0.13343,0.01745,,-0.23049,0.14376,0.01899,,,,,,,,,,,,,,CLAS_EG1b
0.08421,0.0080220732947856,1.6998,,,,0.02508,0.14419,0.02566,,,,,,,0.01967,0.12258,0.02183,,0.01249,0.13089,0.02385,,,,,,,,,,,,,,CLAS_EG1b
0.08422,0.0080220732947856,1.7403,,,,0.01304,0.15773,0.03313,,,,,,,0.01094,0.1283,0.02698,,0.01147,0.13594,0.02892,,,,,,,,,,,,,,CLAS_EG1b
0.08429,0.0080220732947856,1.7778,,,,-0.34823,0.1609,0.03047,,,,,,,-0.27754,0.1263,0.02449,,-0.30119,0.13296,0.02506,,,,,,,,,,,,,,CLAS_EG1b
0.0841,0.0080220732947856,1.8199,,,,0.00937,0.16482,0.02243,,,,,,,0.00579,0.12274,0.01725,,-0.00296,0.12849,0.01516,,,,,,,,,,,,,,CLAS_EG1b
0.08404,0.0080220732947856,1.8599,,,,-0.20111,0.17146,0.03159,,,,,,,-0.14418,0.12082,0.02178,,-0.15613,0.12587,0.02026,,,,,,,,,,,,,,CLAS_EG1b
0.08405,0.0080220732947856,1.8998,,,,-0.65527,0.19877,0.04599,,,,,,,-0.43926,0.13333,0.03058,,-0.45774,0.13834,0.0305,,,,,,,,,,,,,,CLAS_EG1b
0.08433,0.0080220732947856,1.9406,,,,-0.5848,0.23105,0.04803,,,,,,,-0.37454,0.14802,0.03095,,-0.38616,0.15302,0.03131,,,,,,,,,,,,,,CLAS_EG1b
0.08414,0.0080220732947856,1.9802,,,,-0.18353,0.25007,0.05037,,,,,,,-0.11011,0.15387,0.03076,,-0.10947,0.15854,0.03132,,,,,,,,,,,,,,CLAS_EG1b
0.08397,0.0080220732947856,2.0198,,,,0.52379,0.28727,0.05867,,,,,,,0.3125,0.17078,0.03471,,0.32594,0.17548,0.03546,,,,,,,,,,,,,,CLAS_EG1b
0.08373,0.0080220732947856,2.0507,,,,0.36284,0.48674,0.05237,,,,,,,0.21021,0.28103,0.0305,,0.21991,0.28814,0.0311,,,,,,,,,,,,,,CLAS_EG1b
0.08712,0.0080220732947856,2.5851,,,,1.5006,1.0934,0.20417,,,,,,,0.57213,0.41934,0.07901,,0.5785,0.42305,0.07973,,,,,,,,,,,,,,CLAS_EG1b
0.08602,0.0080220732947856,2.6235,,,,-0.36594,0.6583,0.11029,,,,,,,-0.13953,0.24803,0.04219,,-0.1394,0.25006,0.04253,,,,,,,,,,,,,,CLAS_EG1b
0.08485,0.0080220732947856,2.6581,,,,-0.40069,0.58003,0.01995,,,,,,,-0.14812,0.21527,0.00759,,-0.14797,0.2169,0.00761,,,,,,,,,,,,,,CLAS_EG1b
0.10084,0.0080220732947856,1.1406,,,,0.09695,0.11505,0.03257,,,,,,,0.22652,0.28323,0.08772,,0.35189,0.63547,0.17033,,,,,,,,,,,,,,CLAS_EG1b
0.10091,0.0080220732947856,1.1805,,,,-0.28603,0.15348,0.07562,,,,,,,-0.24648,0.12051,0.0539,,-0.49608,0.23092,0.13995,,,,,,,,,,,,,,CLAS_EG1b
0.10094,0.0080220732947856,1.22,,,,-0.53672,0.16405,0.10041,,,,,,,-0.29128,0.08817,0.06029,,-0.49956,0.15053,0.13039,,,,,,,,,,,,,,CLAS_EG1b
0.10095,0.0080220732947856,1.2595,,,,-0.2055,0.15267,0.08502,,,,,,,-0.16626,0.10622,0.0555,,-0.28236,0.16475,0.10058,,,,,,,,,,,,,,CLAS_EG1b
0.10115,0.0080220732947856,1.2996,,,,-0.28555,0.138,0.05407,,,,,,,-0.28374,0.13744,0.04984,,-0.46643,0.19693,0.06596,,,,,,,,,,,,,,CLAS_EG1b
0.10125,0.0080220732947856,1.3399,,,,-0.02955,0.12296,0.04194,,,,,,,-0.0347,0.15307,0.05024,,-0.12827,0.20595,0.03692,,,,,,,,,,,,,,CLAS_EG1b
0.10114,0.0080220732947856,1.38,,,,0.08701,0.10968,0.03432,,,,,,,0.11999,0.14892,0.04495,,0.06137,0.19083,0.02877,,,,,,,,,,,,,,CLAS_EG1b
0.10109,0.0080220732947856,1.4201,,,,-0.11899,0.10934,0.02695,,,,,,,-0.15669,0.14632,0.03566,,-0.27778,0.18038,0.03265,,,,,,,,,,,,,,CLAS_EG1b
0.10097,0.0080220732947856,1.4601,,,,-0.26062,0.11742,0.02206,,,,,,,-0.31461,0.13881,0.02714,,-0.44405,0.16574,0.0303,,,,,,,,,,,,,,CLAS_EG1b
0.10074,0.0080220732947856,1.4999,,,,-0.0387,0.1219,0.01643,,,,,,,-0.03953,0.12441,0.01814,,-0.09153,0.14486,0.02443,,,,,,,,,,,,,,CLAS_EG1b
0.1008,0.0080220732947856,1.5399,,,,-0.10202,0.12438,0.01225,,,,,,,-0.10588,0.12895,0.01301,,-0.16517,0.147,0.02045,,,,,,,,,,,,,,CLAS_EG1b
0.10076,0.0080220732947856,1.5799,,,,-0.14355,0.11635,0.01288,,,,,,,-0.15057,0.12204,0.01419,,-0.21596,0.13673,0.02052,,,,,,,,,,,,,,CLAS_EG1b
0.10058,0.0080220732947856,1.6201,,,,-0.21693,0.11493,0.01556,,,,,,,-0.22882,0.12131,0.01696,,-0.29101,0.13395,0.02093,,,,,,,,,,,,,,CLAS_EG1b
0.10037,0.0080220732947856,1.6598,,,,-0.31013,0.11886,0.01899,,,,,,,-0.31468,0.11933,0.01904,,-0.36347,0.13014,0.02137,,,,,,,,,,,,,,CLAS_EG1b
0.1005,0.0080220732947856,1.6997,,,,0.09081,0.12637,0.02697,,,,,,,0.08526,0.11089,0.02372,,0.08259,0.11972,0.02568,,,,,,,,,,,,,,CLAS_EG1b
0.10049,0.0080220732947856,1.7403,,,,0.13595,0.13292,0.03121,,,,,,,0.11384,0.11212,0.02622,,0.12107,0.11998,0.02765,,,,,,,,,,,,,,CLAS_EG1b
0.10021,0.0080220732947856,1.7771,,,,0.01891,0.13798,0.02743,,,,,,,0.01459,0.11288,0.02248,,0.00601,0.11991,0.02158,,,,,,,,,,,,,,CLAS_EG1b
0.10058,0.0080220732947856,1.82,,,,-0.30556,0.16311,0.0256,,,,,,,-0.24089,0.12664,0.02004,,-0.26453,0.13363,0.01659,,,,,,,,,,,,,,CLAS_EG1b
0.10044,0.0080220732947856,1.8598,,,,-0.28522,0.17397,0.03822,,,,,,,-0.21014,0.128,0.02763,,-0.22699,0.13431,0.0261,,,,,,,,,,,,,,CLAS_EG1b
0.10059,0.0080220732947856,1.9003,,,,-0.76819,0.1876,0.05262,,,,,,,-0.53954,0.13122,0.0366,,-0.56573,0.13703,0.0368,,,,,,,,,,,,,,CLAS_EG1b
0.10035,0.0080220732947856,1.94,,,,-0.69125,0.20925,0.05233,,,,,,,-0.4668,0.14009,0.03558,,-0.4845,0.14567,0.03623,,,,,,,,,,,,,,CLAS_EG1b
0.10029,0.0080220732947856,1.9801,,,,-0.10605,0.22375,0.0405,,,,,,,-0.06619,0.14384,0.02652,,-0.06403,0.14899,0.02699,,,,,,,,,,,,,,CLAS_EG1b
0.10021,0.0080220732947856,2.0196,,,,0.01114,0.27352,0.03438,,,,,,,0.00658,0.16977,0.02139,,0.01219,0.1753,0.02169,,,,,,,,,,,,,,CLAS_EG1b
0.09989,0.0080220732947856,2.0487,,,,0.09695,0.49855,1.6932,,,,,,,0.05932,0.30102,0.95733,,0.06614,0.31008,0.98288,,,,,,,,,,,,,,CLAS_EG1b
0.10491,0.0080220732947856,2.4641,,,,0.43937,1.5479,0.14907,,,,,,,0.18885,0.6657,0.06383,,0.19343,0.67447,0.06468,,,,,,,,,,,,,,CLAS_EG1b
0.10416,0.0080220732947856,2.5032,,,,-1.683,0.86508,0.14367,,,,,,,-0.70887,0.36301,0.06021,,-0.71568,0.36743,0.06097,,,,,,,,,,,,,,CLAS_EG1b
0.10315,0.0080220732947856,2.5437,,,,-0.74321,0.62456,0.1068,,,,,,,-0.30759,0.25631,0.04453,,-0.30934,0.25918,0.04509,,,,,,,,,,,,,,CLAS_EG1b
0.10172,0.0080220732947856,2.5818,,,,-0.34878,0.4289,0.04099,,,,,,,-0.14123,0.1728,0.0167,,-0.14105,0.17459,0.01689,,,,,,,,,,,,,,CLAS_EG1b
0.1008,0.0080220732947856,2.6209,,,,0.02539,0.37789,0.03455,,,,,,,0.0103,0.1497,0.01363,,0.01198,0.15114,0.01375,,,,,,,,,,,,,,CLAS_EG1b
0.1001,0.0080220732947856,2.6553,,,,-0.58598,0.4649,0.03618,,,,,,,-0.22933,0.18165,0.01418,,-0.22992,0.18328,0.01433,,,,,,,,,,,,,,CLAS_EG1b
0.12034,0.0080220732947856,1.1406,,,,-0.00409,0.09216,0.0316,,,,,,,0.02715,0.22877,0.09719,,-0.07932,0.54465,0.21157,,,,,,,,,,,,,,CLAS_EG1b
0.12043,0.0080220732947856,1.1805,,,,-0.25167,0.1227,0.06844,,,,,,,-0.22157,0.09659,0.05094,,-0.47528,0.19587,0.14932,,,,,,,,,,,,,,CLAS_EG1b
0.12052,0.0080220732947856,1.2201,,,,-0.23569,0.1301,0.0907,,,,,,,-0.12506,0.07006,0.05513,,-0.22428,0.12609,0.13959,,,,,,,,,,,,,,CLAS_EG1b
0.12048,0.0080220732947856,1.2597,,,,-0.24187,0.11943,0.07857,,,,,,,-0.17479,0.08357,0.05158,,-0.31491,0.13591,0.11186,,,,,,,,,,,,,,CLAS_EG1b
0.12029,0.0080220732947856,1.2996,,,,-0.22545,0.10603,0.05194,,,,,,,-0.22811,0.10662,0.04878,,-0.40508,0.15925,0.07564,,,,,,,,,,,,,,CLAS_EG1b
0.12012,0.0080220732947856,1.3396,,,,0.00996,0.09745,0.04244,,,,,,,0.01519,0.12286,0.05265,,-0.07087,0.17151,0.03987,,,,,,,,,,,,,,CLAS_EG1b
0.12002,0.0080220732947856,1.3798,,,,-0.12372,0.0911,0.03565,,,,,,,-0.17153,0.12603,0.04744,,-0.33035,0.16672,0.02023,,,,,,,,,,,,,,CLAS_EG1b
0.12009,0.0080220732947856,1.4199,,,,0.07987,0.09157,0.02565,,,,,,,0.10882,0.12526,0.03473,,0.03549,0.15887,0.02219,,,,,,,,,,,,,,CLAS_EG1b
0.12023,0.0080220732947856,1.46,,,,-0.2188,0.10024,0.02183,,,,,,,-0.25955,0.12139,0.02662,,-0.3968,0.14867,0.02942,,,,,,,,,,,,,,CLAS_EG1b
0.12009,0.0080220732947856,1.4999,,,,0.1061,0.10429,0.0214,,,,,,,0.10936,0.1094,0.02316,,0.07876,0.13028,0.03446,,,,,,,,,,,,,,CLAS_EG1b
0.11973,0.0080220732947856,1.5396,,,,0.1876,0.10562,0.01853,,,,,,,0.20024,0.11274,0.01949,,0.18165,0.1311,0.03251,,,,,,,,,,,,,,CLAS_EG1b
0.11978,0.0080220732947856,1.5797,,,,-0.13966,0.10802,0.0131,,,,,,,-0.15155,0.11696,0.0142,,-0.22687,0.13334,0.02627,,,,,,,,,,,,,,CLAS_EG1b
0.12006,0.0080220732947856,1.6199,,,,0.01483,0.10612,0.00978,,,,,,,0.01619,0.11592,0.01081,,-0.02667,0.13003,0.02006,,,,,,,,,,,,,,CLAS_EG1b
0.12015,0.0080220732947856,1.6599,,,,-0.1052,0.10665,0.01111,,,,,,,-0.10595,0.11086,0.01116,,-0.14011,0.12263,0.01603,,,,,,,,,,,,,,CLAS_EG1b
0.12009,0.0080220732947856,1.7,,,,-0.06682,0.11079,0.02018,,,,,,,-0.05767,0.10069,0.01831,,-0.07488,0.11007,0.02041,,,,,,,,,,,,,,CLAS_EG1b
0.11988,0.0080220732947856,1.7397,,,,-0.12506,0.11335,0.02574,,,,,,,-0.10975,0.0996,0.02279,,-0.1195,0.1078,0.02367,,,,,,,,,,,,,,CLAS_EG1b
0.11973,0.0080220732947856,1.7775,,,,-0.03946,0.13261,0.02283,,,,,,,-0.03365,0.11333,0.01975,,-0.04672,0.12161,0.01715,,,,,,,,,,,,,,CLAS_EG1b
0.11978,0.0080220732947856,1.8197,,,,-0.13449,0.15145,0.02109,,,,,,,-0.1121,0.12319,0.01721,,-0.13064,0.13118,0.01051,,,,,,,,,,,,,,CLAS_EG1b
0.12002,0.0080220732947856,1.8602,,,,-0.28466,0.16238,0.02929,,,,,,,-0.22182,0.12528,0.02231,,-0.24211,0.13254,0.01892,,,,,,,,,,,,,,CLAS_EG1b
0.11975,0.0080220732947856,1.8999,,,,-0.53405,0.17435,0.03744,,,,,,,-0.39152,0.12807,0.02729,,-0.41413,0.13473,0.02631,,,,,,,,,,,,,,CLAS_EG1b
0.11978,0.0080220732947856,1.94,,,,-0.48724,0.20052,0.04158,,,,,,,-0.34395,0.14093,0.02897,,-0.35862,0.14754,0.02911,,,,,,,,,,,,,,CLAS_EG1b
0.11967,0.0080220732947856,1.9797,,,,-0.56594,0.21588,0.04027,,,,,,,-0.3798,0.14568,0.02707,,-0.39061,0.15183,0.02763,,,,,,,,,,,,,,CLAS_EG1b
0.1197,0.0080220732947856,2.0198,,,,-0.18985,0.26197,0.03257,,,,,,,-0.12169,0.17055,0.02137,,-0.12002,0.17709,0.02174,,,,,,,,,,,,,,CLAS_EG1b
0.11926,0.0080220732947856,2.0464,,,,0.00394,0.52599,0.52497,,,,,,,0.00427,0.33339,0.31027,,0.01035,0.34525,0.31957,,,,,,,,,,,,,,CLAS_EG1b
0.12559,0.0080220732947856,2.3441,,,,-0.81021,1.5135,0.15318,,,,,,,-0.40141,0.74536,0.07737,,-0.40636,0.76004,0.079,,,,,,,,,,,,,,CLAS_EG1b
0.12513,0.0080220732947856,2.384,,,,0.30563,0.77983,0.08082,,,,,,,0.14595,0.37267,0.03858,,0.15142,0.37944,0.03926,,,,,,,,,,,,,,CLAS_EG1b
0.12353,0.0080220732947856,2.4218,,,,-1.0298,0.53369,0.10965,,,,,,,-0.48426,0.24816,0.05048,,-0.49,0.2523,0.05132,,,,,,,,,,,,,,CLAS_EG1b
0.12237,0.0080220732947856,2.4619,,,,-1.3194,0.42446,0.1165,,,,,,,-0.59705,0.19198,0.05277,,-0.6038,0.19492,0.05361,,,,,,,,,,,,,,CLAS_EG1b
0.1211,0.0080220732947856,2.5004,,,,0.03715,0.37716,0.07764,,,,,,,0.01702,0.16659,0.03477,,0.01953,0.16894,0.03528,,,,,,,,,,,,,,CLAS_EG1b
0.12068,0.0080220732947856,2.5416,,,,0.07979,0.32969,0.03542,,,,,,,0.03462,0.14248,0.01536,,0.03716,0.14434,0.01551,,,,,,,,,,,,,,CLAS_EG1b
0.12,0.0080220732947856,2.5806,,,,0.04641,0.30943,0.04733,,,,,,,0.01995,0.13137,0.01993,,0.02216,0.13297,0.02015,,,,,,,,,,,,,,CLAS_EG1b
0.11959,0.0080220732947856,2.6201,,,,-0.78441,0.33108,0.05423,,,,,,,-0.32865,0.1384,0.02257,,-0.33058,0.13997,0.02283,,,,,,,,,,,,,,CLAS_EG1b
0.1197,0.0080220732947856,2.6545,,,,-0.1347,0.44818,6.918,,,,,,,-0.05543,0.18505,2.8249,,-0.05427,0.18703,2.8538,,,,,,,,,,,,,,CLAS_EG1b
0.14351,0.0080220732947856,1.1406,,,,0.04625,0.07658,0.03039,,,,,,,0.14205,0.19223,0.0854,,0.21275,0.48361,0.16813,,,,,,,,,,,,,,CLAS_EG1b
0.14347,0.0080220732947856,1.1806,,,,-0.21935,0.09957,0.0658,,,,,,,-0.22234,0.07936,0.04959,,-0.50078,0.16984,0.15983,,,,,,,,,,,,,,CLAS_EG1b
0.1434,0.0080220732947856,1.2201,,,,-0.42355,0.10559,0.08658,,,,,,,-0.22974,0.05765,0.05368,,-0.43305,0.10922,0.15434,,,,,,,,,,,,,,CLAS_EG1b
0.14338,0.0080220732947856,1.2596,,,,-0.26596,0.09873,0.0739,,,,,,,-0.19077,0.07012,0.04869,,-0.35687,0.11963,0.12677,,,,,,,,,,,,,,CLAS_EG1b
0.14348,0.0080220732947856,1.2995,,,,-0.06133,0.08924,0.04739,,,,,,,-0.07245,0.09158,0.04563,,-0.17848,0.14289,0.08617,,,,,,,,,,,,,,CLAS_EG1b
0.14366,0.0080220732947856,1.3397,,,,0.07502,0.08148,0.04117,,,,,,,0.10326,0.10524,0.05311,,0.04424,0.15286,0.04646,,,,,,,,,,,,,,CLAS_EG1b
0.1436,0.0080220732947856,1.3798,,,,0.00147,0.07688,0.03741,,,,,,,0.00174,0.1093,0.05101,,-0.11677,0.14988,0.02378,,,,,,,,,,,,,,CLAS_EG1b
0.14349,0.0080220732947856,1.4198,,,,-0.01307,0.07687,0.02787,,,,,,,-0.02082,0.10838,0.03883,,-0.1489,0.14184,0.02472,,,,,,,,,,,,,,CLAS_EG1b
0.14348,0.0080220732947856,1.4598,,,,0.02473,0.08409,0.02397,,,,,,,0.02266,0.10524,0.03002,,-0.06838,0.13253,0.03631,,,,,,,,,,,,,,CLAS_EG1b
0.14359,0.0080220732947856,1.4998,,,,0.10924,0.0891,0.02299,,,,,,,0.11917,0.09691,0.02571,,0.08136,0.11835,0.04376,,,,,,,,,,,,,,CLAS_EG1b
0.14401,0.0080220732947856,1.54,,,,0.1383,0.08813,0.01864,,,,,,,0.15336,0.09774,0.02031,,0.12333,0.11628,0.04124,,,,,,,,,,,,,,CLAS_EG1b
0.14404,0.0080220732947856,1.5801,,,,0.06287,0.08486,0.01423,,,,,,,0.07109,0.0957,0.01582,,0.01908,0.11137,0.03462,,,,,,,,,,,,,,CLAS_EG1b
0.14381,0.0080220732947856,1.6199,,,,0.01621,0.08228,0.01385,,,,,,,0.01856,0.09385,0.01568,,-0.03063,0.10719,0.02934,,,,,,,,,,,,,,CLAS_EG1b
0.14376,0.0080220732947856,1.6598,,,,-0.22098,0.08373,0.01549,,,,,,,-0.24168,0.09097,0.0167,,-0.29932,0.10226,0.02468,,,,,,,,,,,,,,CLAS_EG1b
0.14371,0.0080220732947856,1.6997,,,,-0.1759,0.08797,0.02297,,,,,,,-0.16991,0.08373,0.02211,,-0.20444,0.09287,0.02586,,,,,,,,,,,,,,CLAS_EG1b
0.14361,0.0080220732947856,1.7393,,,,0.05681,0.09965,0.02818,,,,,,,0.05253,0.09207,0.0261,,0.05562,0.10097,0.02768,,,,,,,,,,,,,,CLAS_EG1b
0.14296,0.0080220732947856,1.7772,,,,-0.1935,0.1288,0.02512,,,,,,,-0.17366,0.11621,0.02287,,-0.20032,0.12617,0.02048,,,,,,,,,,,,,,CLAS_EG1b
0.14327,0.0080220732947856,1.8201,,,,-0.0059,0.14481,0.02536,,,,,,,-0.00225,0.1246,0.02159,,-0.01377,0.13408,0.01594,,,,,,,,,,,,,,CLAS_EG1b
0.14302,0.0080220732947856,1.8598,,,,-0.44271,0.15328,0.03048,,,,,,,-0.36283,0.12539,0.02484,,-0.39552,0.13393,0.02133,,,,,,,,,,,,,,CLAS_EG1b
0.143,0.0080220732947856,1.8999,,,,-0.34756,0.17037,0.03629,,,,,,,-0.27004,0.13274,0.02793,,-0.28896,0.14086,0.02666,,,,,,,,,,,,,,CLAS_EG1b
0.14296,0.0080220732947856,1.9398,,,,-0.66191,0.19591,0.04134,,,,,,,-0.49479,0.14607,0.03058,,-0.52018,0.15412,0.03085,,,,,,,,,,,,,,CLAS_EG1b
0.143,0.0080220732947856,1.9799,,,,0.0978,0.2027,0.03621,,,,,,,0.06882,0.14516,0.0262,,0.07777,0.15239,0.02682,,,,,,,,,,,,,,CLAS_EG1b
0.1433,0.0080220732947856,2.0202,,,,-0.03865,0.16402,0.02634,,,,,,,-0.02866,0.11298,0.0183,,-0.02328,0.11809,0.01845,,,,,,,,,,,,,,CLAS_EG1b
0.14155,0.0080220732947856,2.0442,,,,-0.27096,0.39597,0.30502,,,,,,,-0.18255,0.26653,0.19479,,-0.18385,0.27776,0.2022,,,,,,,,,,,,,,CLAS_EG1b
0.1502,0.0080220732947856,2.2232,,,,-0.89477,0.91708,0.33182,,,,,,,-0.51806,0.5269,0.19623,,-0.52931,0.5426,0.20258,,,,,,,,,,,,,,CLAS_EG1b
0.14886,0.0080220732947856,2.2617,,,,0.35709,0.63965,0.07814,,,,,,,0.20006,0.35586,0.04385,,0.20977,0.36556,0.04505,,,,,,,,,,,,,,CLAS_EG1b
0.14739,0.0080220732947856,2.3016,,,,-0.79189,0.52005,0.06923,,,,,,,-0.42947,0.28018,0.03763,,-0.43655,0.28716,0.03854,,,,,,,,,,,,,,CLAS_EG1b
0.14659,0.0080220732947856,2.3424,,,,0.15778,0.37494,0.059,,,,,,,0.08084,0.19571,0.03092,,0.08609,0.20019,0.03158,,,,,,,,,,,,,,CLAS_EG1b
0.14483,0.0080220732947856,2.3806,,,,-0.65859,0.30458,0.05084,,,,,,,-0.33441,0.1545,0.02558,,-0.33821,0.15774,0.02608,,,,,,,,,,,,,,CLAS_EG1b
0.14429,0.0080220732947856,2.4207,,,,0.01563,0.28623,0.04161,,,,,,,0.01021,0.14109,0.02064,,0.01354,0.14382,0.02099,,,,,,,,,,,,,,CLAS_EG1b
0.14331,0.0080220732947856,2.4597,,,,0.10926,0.28136,0.03403,,,,,,,0.05164,0.13506,0.0164,,0.0553,0.13747,0.01659,,,,,,,,,,,,,,CLAS_EG1b
0.14352,0.0080220732947856,2.5008,,,,0.02203,0.28657,0.03635,,,,,,,0.01161,0.13421,0.01708,,0.01446,0.13644,0.01726,,,,,,,,,,,,,,CLAS_EG1b
0.1431,0.0080220732947856,2.5404,,,,0.13879,0.2732,0.043,,,,,,,0.06368,0.12544,0.01974,,0.06708,0.12737,0.01995,,,,,,,,,,,,,,CLAS_EG1b
0.14294,0.0080220732947856,2.5798,,,,0.16541,0.28666,0.04485,,,,,,,0.07492,0.12947,0.02027,,0.07829,0.13134,0.02049,,,,,,,,,,,,,,CLAS_EG1b
0.14315,0.0080220732947856,2.6201,,,,-0.47256,0.30446,0.0393,,,,,,,-0.21094,0.1356,0.01729,,-0.21166,0.13742,0.01748,,,,,,,,,,,,,,CLAS_EG1b
0.14271,0.0080220732947856,2.6524,,,,-0.53115,0.41103,1.0885,,,,,,,-0.23437,0.18125,0.47604,,-0.2353,0.18355,0.48171,,,,,,,,,,,,,,CLAS_EG1b
0.14837,0.0080220732947856,2.9429,,,,0.85904,1.3477,0.35615,,,,,,,0.33091,0.53304,0.14107,,0.33479,0.53748,0.14223,,,,,,,,,,,,,,CLAS_EG1b
0.14722,0.0080220732947856,2.9836,,,,1.2841,0.9357,0.31361,,,,,,,0.49626,0.36111,0.1231,,0.50139,0.36391,0.12408,,,,,,,,,,,,,,CLAS_EG1b
0.17151,0.0080220732947856,1.1405,,,,-0.00825,0.05584,0.02857,,,,,,,0.02473,0.14411,0.11068,,-0.06155,0.3814,0.29803,,,,,,,,,,,,,,CLAS_EG1b
0.17145,0.0080220732947856,1.1805,,,,-0.28089,0.07308,0.06169,,,,,,,-0.25,0.05983,0.04627,,-0.57267,0.13489,0.16254,,,,,,,,,,,,,,CLAS_EG1b
0.17139,0.0080220732947856,1.2201,,,,-0.36594,0.07822,0.08091,,,,,,,-0.20537,0.04387,0.05153,,-0.4034,0.08746,0.1576,,,,,,,,,,,,,,CLAS_EG1b
0.1712,0.0080220732947856,1.2596,,,,-0.25833,0.07364,0.06908,,,,,,,-0.2045,0.0538,0.04703,,-0.38975,0.09632,0.12972,,,,,,,,,,,,,,CLAS_EG1b
0.17112,0.0080220732947856,1.2995,,,,0.00196,0.06761,0.04407,,,,,,,-0.00787,0.07144,0.04327,,-0.08085,0.11656,0.08893,,,,,,,,,,,,,,CLAS_EG1b
0.17109,0.0080220732947856,1.3396,,,,-0.01001,0.06289,0.03836,,,,,,,-0.01863,0.08388,0.05109,,-0.13706,0.12686,0.04916,,,,,,,,,,,,,,CLAS_EG1b
0.17112,0.0080220732947856,1.3797,,,,0.06195,0.06022,0.03763,,,,,,,0.09031,0.08863,0.05341,,-0.00647,0.12607,0.02941,,,,,,,,,,,,,,CLAS_EG1b
0.17118,0.0080220732947856,1.4198,,,,-0.00595,0.06134,0.0321,,,,,,,-0.00656,0.08974,0.04606,,-0.14429,0.12142,0.03507,,,,,,,,,,,,,,CLAS_EG1b
0.17133,0.0080220732947856,1.46,,,,0.08785,0.06559,0.02912,,,,,,,0.11948,0.08523,0.03801,,0.046,0.11058,0.04752,,,,,,,,,,,,,,CLAS_EG1b
0.17138,0.0080220732947856,1.5001,,,,0.05675,0.06729,0.02621,,,,,,,0.0643,0.07634,0.03093,,0.00726,0.09575,0.0531,,,,,,,,,,,,,,CLAS_EG1b
0.17125,0.0080220732947856,1.5399,,,,-0.03977,0.06574,0.01923,,,,,,,-0.0465,0.07616,0.02208,,-0.12288,0.09279,0.04771,,,,,,,,,,,,,,CLAS_EG1b
0.17105,0.0080220732947856,1.5798,,,,0.01025,0.06585,0.01484,,,,,,,0.01306,0.07774,0.01752,,-0.05795,0.09242,0.04001,,,,,,,,,,,,,,CLAS_EG1b
0.17098,0.0080220732947856,1.6198,,,,-0.03093,0.06731,0.01448,,,,,,,-0.03687,0.08055,0.01718,,-0.10275,0.09379,0.03397,,,,,,,,,,,,,,CLAS_EG1b
0.171,0.0080220732947856,1.6599,,,,-0.16045,0.06845,0.01378,,,,,,,-0.18407,0.07801,0.01525,,-0.2426,0.08922,0.02638,,,,,,,,,,,,,,CLAS_EG1b
0.17112,0.0080220732947856,1.6998,,,,-0.21147,0.07181,0.02232,,,,,,,-0.20961,0.07178,0.02222,,-0.25475,0.08088,0.02745,,,,,,,,,,,,,,CLAS_EG1b
0.17122,0.0080220732947856,1.7392,,,,-0.03993,0.08012,0.02835,,,,,,,-0.03904,0.07814,0.0277,,-0.04726,0.08693,0.0304,,,,,,,,,,,,,,CLAS_EG1b
0.17051,0.0080220732947856,1.7783,,,,0.02563,0.12342,0.02585,,,,,,,0.02287,0.11794,0.02467,,0.01097,0.12971,0.02335,,,,,,,,,,,,,,CLAS_EG1b
0.17056,0.0080220732947856,1.8197,,,,-0.28749,0.13711,0.02881,,,,,,,-0.26612,0.12542,0.02582,,-0.30295,0.13656,0.02207,,,,,,,,,,,,,,CLAS_EG1b
0.17077,0.0080220732947856,1.8598,,,,-0.51459,0.15027,0.0329,,,,,,,-0.44867,0.13084,0.02863,,-0.49294,0.14126,0.02629,,,,,,,,,,,,,,CLAS_EG1b
0.17079,0.0080220732947856,1.8999,,,,-0.25213,0.16533,0.02644,,,,,,,-0.20859,0.13721,0.02233,,-0.22606,0.14704,0.02004,,,,,,,,,,,,,,CLAS_EG1b
0.17089,0.0080220732947856,1.9399,,,,-0.06154,0.1422,0.02098,,,,,,,-0.04765,0.11282,0.01649,,-0.04784,0.1201,0.01474,,,,,,,,,,,,,,CLAS_EG1b
0.1715,0.0080220732947856,1.9803,,,,-0.26454,0.14423,0.02478,,,,,,,-0.20206,0.10981,0.01854,,-0.20733,0.11624,0.0186,,,,,,,,,,,,,,CLAS_EG1b
0.17162,0.0080220732947856,2.0202,,,,-0.42504,0.14779,0.02554,,,,,,,-0.31062,0.10827,0.01841,,-0.31926,0.11403,0.01873,,,,,,,,,,,,,,CLAS_EG1b
0.17701,0.0080220732947856,2.0594,,,,-0.19691,0.59484,0.03427,,,,,,,-0.13814,0.42169,0.02352,,-0.13761,0.4428,0.02401,,,,,,,,,,,,,,CLAS_EG1b
0.17764,0.0080220732947856,2.1016,,,,-0.56066,0.62856,0.04677,,,,,,,-0.38273,0.4267,0.03133,,-0.39378,0.44604,0.03233,,,,,,,,,,,,,,CLAS_EG1b
0.1773,0.0080220732947856,2.1424,,,,-0.4793,0.45022,0.05173,,,,,,,-0.31042,0.29454,0.03366,,-0.31689,0.30671,0.0348,,,,,,,,,,,,,,CLAS_EG1b
0.17499,0.0080220732947856,2.1812,,,,0.3011,0.342,0.05115,,,,,,,0.19336,0.21615,0.0324,,0.20646,0.22426,0.03341,,,,,,,,,,,,,,CLAS_EG1b
0.17292,0.0080220732947856,2.2202,,,,-0.44223,0.30766,0.04408,,,,,,,-0.27097,0.18801,0.02717,,-0.27522,0.19443,0.02794,,,,,,,,,,,,,,CLAS_EG1b
0.17299,0.0080220732947856,2.2607,,,,0.10389,0.2929,0.03509,,,,,,,0.06162,0.17305,0.02059,,0.06826,0.17848,0.02103,,,,,,,,,,,,,,CLAS_EG1b
0.17277,0.0080220732947856,2.301,,,,-0.37698,0.25286,0.02984,,,,,,,-0.21339,0.14464,0.01678,,-0.21505,0.14882,0.01702,,,,,,,,,,,,,,CLAS_EG1b
0.17128,0.0080220732947856,2.34,,,,-0.00787,0.23528,0.04068,,,,,,,-0.00644,0.13058,0.02201,,-0.00277,0.13404,0.0224,,,,,,,,,,,,,,CLAS_EG1b
0.1713,0.0080220732947856,2.3801,,,,0.35613,0.23554,0.05802,,,,,,,0.19173,0.1269,0.03089,,0.20014,0.13002,0.03154,,,,,,,,,,,,,,CLAS_EG1b
0.17041,0.0080220732947856,2.4194,,,,-0.64339,0.24291,0.05493,,,,,,,-0.33718,0.12728,0.02866,,-0.34139,0.13017,0.02928,,,,,,,,,,,,,,CLAS_EG1b
0.17089,0.0080220732947856,2.4603,,,,-0.25508,0.26224,0.03606,,,,,,,-0.12934,0.13369,0.01808,,-0.12883,0.13651,0.01839,,,,,,,,,,,,,,CLAS_EG1b
0.17121,0.0080220732947856,2.5006,,,,-0.4594,0.24944,0.02924,,,,,,,-0.22955,0.12422,0.01411,,-0.23111,0.12666,0.01426,,,,,,,,,,,,,,CLAS_EG1b
0.17099,0.0080220732947856,2.5401,,,,-0.00119,0.24368,0.02709,,,,,,,-0.00156,0.11911,0.01305,,0.00114,0.12129,0.01316,,,,,,,,,,,,,,CLAS_EG1b
0.17086,0.0080220732947856,2.5802,,,,-0.22298,0.25981,0.018,,,,,,,-0.1077,0.1251,0.00842,,-0.10691,0.12723,0.00836,,,,,,,,,,,,,,CLAS_EG1b
0.17041,0.0080220732947856,2.6198,,,,-0.15084,0.27836,0.02154,,,,,,,-0.0723,0.13248,0.00974,,-0.071,0.13458,0.00975,,,,,,,,,,,,,,CLAS_EG1b
0.16977,0.0080220732947856,2.6495,,,,-0.50125,0.42453,1.2383,,,,,,,-0.23689,0.20054,0.58207,,-0.23806,0.20355,0.59029,,,,,,,,,,,,,,CLAS_EG1b
0.17795,0.0080220732947856,2.8232,,,,0.7856,1.4002,0.40556,,,,,,,0.35599,0.63575,0.18666,,0.36212,0.6433,0.18892,,,,,,,,,,,,,,CLAS_EG1b
0.17653,0.0080220732947856,2.8629,,,,-0.87128,0.92532,0.19894,,,,,,,-0.391,0.41425,0.09025,,-0.39354,0.41884,0.09127,,,,,,,,,,,,,,CLAS_EG1b
0.175,0.0080220732947856,2.9024,,,,-0.44004,0.60875,0.13579,,,,,,,-0.19611,0.26784,0.06026,,-0.19652,0.27061,0.06088,,,,,,,,,,,,,,CLAS_EG1b
0.17353,0.0080220732947856,2.9412,,,,-0.09387,0.50644,0.09894,,,,,,,-0.03949,0.2184,0.04307,,-0.03824,0.22052,0.04348,,,,,,,,,,,,,,CLAS_EG1b
0.17255,0.0080220732947856,2.9809,,,,-0.4482,0.43907,0.06065,,,,,,,-0.18726,0.18498,0.02558,,-0.18742,0.18667,0.02582,,,,,,,,,,,,,,CLAS_EG1b
0.20383,0.0080220732947856,1.1404,,,,-0.03115,0.04573,0.02609,,,,,,,-0.1418,0.12351,0.07919,,-0.54038,0.34132,0.16886,,,,,,,,,,,,,,CLAS_EG1b
0.20374,0.0080220732947856,1.1804,,,,-0.19726,0.05983,0.05673,,,,,,,-0.16685,0.05138,0.04453,,-0.38819,0.12134,0.16631,,,,,,,,,,,,,,CLAS_EG1b
0.20373,0.0080220732947856,1.22,,,,-0.32944,0.06481,0.07452,,,,,,,-0.19213,0.03806,0.04939,,-0.391,0.07954,0.15853,,,,,,,,,,,,,,CLAS_EG1b
0.2038,0.0080220732947856,1.2596,,,,-0.12075,0.06215,0.06353,,,,,,,-0.10146,0.04753,0.04519,,-0.21336,0.0891,0.13087,,,,,,,,,,,,,,CLAS_EG1b
0.20402,0.0080220732947856,1.2995,,,,-0.01403,0.0575,0.04003,,,,,,,-0.02475,0.0637,0.0407,,-0.11219,0.10859,0.09055,,,,,,,,,,,,,,CLAS_EG1b
0.20414,0.0080220732947856,1.3397,,,,-0.03843,0.05409,0.03464,,,,,,,-0.05708,0.07567,0.04839,,-0.20996,0.11922,0.05216,,,,,,,,,,,,,,CLAS_EG1b
0.20427,0.0080220732947856,1.3798,,,,0.0756,0.05136,0.03612,,,,,,,0.11785,0.07932,0.0541,,0.02037,0.11717,0.03695,,,,,,,,,,,,,,CLAS_EG1b
0.20438,0.0080220732947856,1.42,,,,-0.03283,0.05092,0.03334,,,,,,,-0.05127,0.07824,0.05025,,-0.22991,0.10957,0.04523,,,,,,,,,,,,,,CLAS_EG1b
0.20413,0.0080220732947856,1.46,,,,-0.03353,0.05377,0.03022,,,,,,,-0.05022,0.07349,0.04186,,-0.19525,0.09836,0.05664,,,,,,,,,,,,,,CLAS_EG1b
0.20377,0.0080220732947856,1.4998,,,,0.02575,0.05626,0.02597,,,,,,,0.03073,0.06736,0.03252,,-0.04474,0.08692,0.06114,,,,,,,,,,,,,,CLAS_EG1b
0.20377,0.0080220732947856,1.5398,,,,-0.07617,0.05754,0.01903,,,,,,,-0.09328,0.07046,0.02306,,-0.19194,0.08808,0.05563,,,,,,,,,,,,,,CLAS_EG1b
0.20419,0.0080220732947856,1.5798,,,,0.04173,0.05861,0.01552,,,,,,,0.05169,0.07328,0.01935,,-0.01807,0.0892,0.04766,,,,,,,,,,,,,,CLAS_EG1b
0.20432,0.0080220732947856,1.62,,,,-0.06868,0.05901,0.01451,,,,,,,-0.0871,0.07492,0.01818,,-0.17233,0.08913,0.04045,,,,,,,,,,,,,,CLAS_EG1b
0.20422,0.0080220732947856,1.6599,,,,-0.05078,0.06016,0.01326,,,,,,,-0.06282,0.07272,0.01553,,-0.11103,0.08479,0.03164,,,,,,,,,,,,,,CLAS_EG1b
0.204,0.0080220732947856,1.6996,,,,-0.08603,0.06296,0.02175,,,,,,,-0.09058,0.06677,0.02305,,-0.12732,0.07656,0.03098,,,,,,,,,,,,,,CLAS_EG1b
0.20344,0.0080220732947856,1.7379,,,,-0.10068,0.07471,0.02752,,,,,,,-0.10484,0.07773,0.02868,,-0.12429,0.0879,0.03287,,,,,,,,,,,,,,CLAS_EG1b
0.20421,0.0080220732947856,1.7799,,,,0.0013,0.12599,0.02412,,,,,,,0.00213,0.12895,0.02466,,-0.01288,0.14389,0.02445,,,,,,,,,,,,,,CLAS_EG1b
0.20549,0.0080220732947856,1.8204,,,,-0.25843,0.12524,0.01985,,,,,,,-0.25359,0.12302,0.01941,,-0.29296,0.13579,0.01291,,,,,,,,,,,,,,CLAS_EG1b
0.20688,0.0080220732947856,1.8606,,,,-0.10837,0.12367,0.01939,,,,,,,-0.10228,0.11592,0.01805,,-0.12098,0.1268,0.01065,,,,,,,,,,,,,,CLAS_EG1b
0.20755,0.0080220732947856,1.9005,,,,-0.28344,0.12526,0.01954,,,,,,,-0.25241,0.11195,0.01726,,-0.27626,0.12143,0.0126,,,,,,,,,,,,,,CLAS_EG1b
0.20721,0.0080220732947856,1.9404,,,,-0.06733,0.12322,0.02307,,,,,,,-0.058,0.1053,0.01922,,-0.05915,0.11334,0.0181,,,,,,,,,,,,,,CLAS_EG1b
0.2063,0.0080220732947856,1.9802,,,,-0.43335,0.12516,0.02622,,,,,,,-0.35385,0.10258,0.02102,,-0.37045,0.10966,0.02152,,,,,,,,,,,,,,CLAS_EG1b
0.20556,0.0080220732947856,2.0188,,,,-0.23098,0.14048,0.0233,,,,,,,-0.1807,0.11095,0.0182,,-0.18308,0.11792,0.01861,,,,,,,,,,,,,,CLAS_EG1b
0.20803,0.0080220732947856,2.0609,,,,-0.17226,0.27888,0.01862,,,,,,,-0.13124,0.2111,0.0139,,-0.13098,0.2232,0.0133,,,,,,,,,,,,,,CLAS_EG1b
0.20693,0.0080220732947856,2.1007,,,,-0.06545,0.24318,0.01854,,,,,,,-0.04693,0.17728,0.01317,,-0.04202,0.18651,0.01246,,,,,,,,,,,,,,CLAS_EG1b
0.20494,0.0080220732947856,2.14,,,,-0.25876,0.22941,0.01894,,,,,,,-0.18206,0.16127,0.01293,,-0.18402,0.1689,0.01256,,,,,,,,,,,,,,CLAS_EG1b
0.20434,0.0080220732947856,2.1799,,,,-0.07818,0.23296,0.01929,,,,,,,-0.05422,0.158,0.01278,,-0.05053,0.16484,0.01253,,,,,,,,,,,,,,CLAS_EG1b
0.2055,0.0080220732947856,2.2205,,,,-0.00671,0.22402,0.01929,,,,,,,-0.00402,0.14667,0.01254,,0.00156,0.15253,0.01237,,,,,,,,,,,,,,CLAS_EG1b
0.20462,0.0080220732947856,2.2602,,,,-0.12929,0.20886,0.01863,,,,,,,-0.08194,0.13228,0.01146,,-0.07968,0.13713,0.01126,,,,,,,,,,,,,,CLAS_EG1b
0.20373,0.0080220732947856,2.2998,,,,-0.31726,0.21145,0.02049,,,,,,,-0.1942,0.12973,0.01188,,-0.19582,0.1341,0.01179,,,,,,,,,,,,,,CLAS_EG1b
0.20385,0.0080220732947856,2.3399,,,,-0.31092,0.21635,0.02124,,,,,,,-0.18648,0.12869,0.01216,,-0.18787,0.1327,0.01219,,,,,,,,,,,,,,CLAS_EG1b
0.20349,0.0080220732947856,2.3794,,,,-0.05087,0.29961,0.01836,,,,,,,-0.02886,0.17409,0.01035,,-0.02537,0.17919,0.01027,,,,,,,,,,,,,,CLAS_EG1b
0.20445,0.0080220732947856,2.4202,,,,-0.23453,0.27266,0.02219,,,,,,,-0.13267,0.15262,0.01179,,-0.13239,0.15668,0.01182,,,,,,,,,,,,,,CLAS_EG1b
0.20444,0.0080220732947856,2.4605,,,,-0.45644,0.22766,0.03055,,,,,,,-0.2499,0.12445,0.01593,,-0.25247,0.12755,0.01618,,,,,,,,,,,,,,CLAS_EG1b
0.20416,0.0080220732947856,2.5003,,,,-0.43561,0.21644,0.02961,,,,,,,-0.23266,0.11567,0.01524,,-0.23459,0.11835,0.01546,,,,,,,,,,,,,,CLAS_EG1b
0.20354,0.0080220732947856,2.5395,,,,-0.27808,0.22969,0.02432,,,,,,,-0.14637,0.1206,0.01213,,-0.14632,0.12319,0.01221,,,,,,,,,,,,,,CLAS_EG1b
0.20324,0.0080220732947856,2.5795,,,,-0.45969,0.25067,0.03045,,,,,,,-0.23812,0.12979,0.01532,,-0.23984,0.13239,0.01547,,,,,,,,,,,,,,CLAS_EG1b
0.2043,0.0080220732947856,2.6208,,,,0.04623,0.26354,0.03715,,,,,,,0.02359,0.13501,0.0189,,0.02692,0.13755,0.01912,,,,,,,,,,,,,,CLAS_EG1b
0.20279,0.0080220732947856,2.6472,,,,-0.413,0.4711,0.092,,,,,,,-0.20958,0.24,0.04663,,-0.21031,0.24428,0.04738,,,,,,,,,,,,,,CLAS_EG1b
0.21213,0.0080220732947856,2.7022,,,,0.38346,1.3844,0.18174,,,,,,,0.19429,0.69914,0.09182,,0.20038,0.71101,0.09332,,,,,,,,,,,,,,CLAS_EG1b
0.21208,0.0080220732947856,2.7435,,,,-1.3772,0.85081,0.21861,,,,,,,-0.69124,0.42696,0.1102,,-0.69969,0.43374,0.11195,,,,,,,,,,,,,,CLAS_EG1b
0.20942,0.0080220732947856,2.7816,,,,0.21812,0.57377,0.1713,,,,,,,0.10877,0.28595,0.08605,,0.11279,0.29017,0.08736,,,,,,,,,,,,,,CLAS_EG1b
0.2073,0.0080220732947856,2.8211,,,,0.21376,0.49249,0.11531,,,,,,,0.10576,0.24317,0.0572,,0.10951,0.24652,0.05797,,,,,,,,,,,,,,CLAS_EG1b
0.20708,0.0080220732947856,2.8617,,,,0.3449,0.39132,0.11438,,,,,,,0.16814,0.19077,0.05603,,0.17247,0.19323,0.05675,,,,,,,,,,,,,,CLAS_EG1b
0.20536,0.0080220732947856,2.9005,,,,-0.64018,0.34571,0.10718,,,,,,,-0.30702,0.16592,0.05174,,-0.30869,0.16792,0.05236,,,,,,,,,,,,,,CLAS_EG1b
0.20477,0.0080220732947856,2.9405,,,,-0.58621,0.33091,0.09523,,,,,,,-0.27609,0.15571,0.04492,,-0.27733,0.15747,0.04542,,,,,,,,,,,,,,CLAS_EG1b
0.20457,0.0080220732947856,2.9808,,,,-0.62839,0.32793,0.07831,,,,,,,-0.28847,0.15079,0.03634,,-0.28976,0.15241,0.03673,,,,,,,,,,,,,,CLAS_EG1b
0.24339,0.0080220732947856,1.1404,,,,0.03775,0.03975,0.02432,,,,,,,0.03511,0.11446,0.09764,,-0.04332,0.32815,0.25836,,,,,,,,,,,,,,CLAS_EG1b
0.2435,0.0080220732947856,1.1805,,,,-0.14372,0.05124,0.05203,,,,,,,-0.13192,0.04687,0.04323,,-0.31081,0.11538,0.16507,,,,,,,,,,,,,,CLAS_EG1b
0.24353,0.0080220732947856,1.2201,,,,-0.1908,0.05491,0.06816,,,,,,,-0.11954,0.03437,0.04823,,-0.24426,0.07505,0.15714,,,,,,,,,,,,,,CLAS_EG1b
0.24354,0.0080220732947856,1.2597,,,,-0.18652,0.05249,0.05828,,,,,,,-0.15369,0.04283,0.04454,,-0.32411,0.08389,0.13079,,,,,,,,,,,,,,CLAS_EG1b
0.24357,0.0080220732947856,1.2996,,,,-0.19686,0.04826,0.03659,,,,,,,-0.23648,0.05698,0.03933,,-0.49386,0.10135,0.09077,,,,,,,,,,,,,,CLAS_EG1b
0.24349,0.0080220732947856,1.3397,,,,0.01084,0.04555,0.03033,,,,,,,0.01184,0.06766,0.04475,,-0.10785,0.11102,0.05111,,,,,,,,,,,,,,CLAS_EG1b
0.24341,0.0080220732947856,1.3798,,,,0.08988,0.04403,0.03246,,,,,,,0.1467,0.07213,0.05161,,0.05976,0.11064,0.03952,,,,,,,,,,,,,,CLAS_EG1b
0.24345,0.0080220732947856,1.4198,,,,0.00391,0.04451,0.03188,,,,,,,0.00741,0.07255,0.05076,,-0.16267,0.10524,0.05223,,,,,,,,,,,,,,CLAS_EG1b
0.24362,0.0080220732947856,1.4599,,,,-0.04303,0.0476,0.02937,,,,,,,-0.0598,0.06904,0.04329,,-0.22535,0.09548,0.06414,,,,,,,,,,,,,,CLAS_EG1b
0.24369,0.0080220732947856,1.4999,,,,0.02188,0.04976,0.02507,,,,,,,0.02893,0.06343,0.03357,,-0.0582,0.08437,0.0691,,,,,,,,,,,,,,CLAS_EG1b
0.24372,0.0080220732947856,1.54,,,,0.11644,0.05026,0.01953,,,,,,,0.1521,0.06557,0.02537,,0.11124,0.08429,0.06464,,,,,,,,,,,,,,CLAS_EG1b
0.24405,0.0080220732947856,1.5799,,,,-0.04252,0.05066,0.01682,,,,,,,-0.05723,0.0676,0.02241,,-0.1624,0.08441,0.05632,,,,,,,,,,,,,,CLAS_EG1b
0.24437,0.0080220732947856,1.62,,,,-0.00499,0.05172,0.01533,,,,,,,-0.00672,0.07012,0.02054,,-0.08726,0.0854,0.048,,,,,,,,,,,,,,CLAS_EG1b
0.24485,0.0080220732947856,1.6599,,,,-0.07438,0.05422,0.01405,,,,,,,-0.09234,0.06994,0.01752,,-0.15375,0.08335,0.03836,,,,,,,,,,,,,,CLAS_EG1b
0.24536,0.0080220732947856,1.6999,,,,-0.07455,0.06,0.02302,,,,,,,-0.08439,0.06795,0.02602,,-0.12792,0.07952,0.03734,,,,,,,,,,,,,,CLAS_EG1b
0.24588,0.0080220732947856,1.7379,,,,0.0012,0.07776,0.0303,,,,,,,0.00141,0.08674,0.0338,,-0.00854,0.09999,0.04097,,,,,,,,,,,,,,CLAS_EG1b
0.24744,0.0080220732947856,1.7805,,,,0.14373,0.09927,0.02666,,,,,,,0.15656,0.10951,0.02945,,0.15908,0.12435,0.03272,,,,,,,,,,,,,,CLAS_EG1b
0.24657,0.0080220732947856,1.8203,,,,-0.08649,0.09837,0.01871,,,,,,,-0.09071,0.10453,0.01989,,-0.11494,0.11718,0.01652,,,,,,,,,,,,,,CLAS_EG1b
0.24577,0.0080220732947856,1.8602,,,,-0.21578,0.09843,0.01638,,,,,,,-0.22045,0.0999,0.01632,,-0.25417,0.11073,0.00811,,,,,,,,,,,,,,CLAS_EG1b
0.24484,0.0080220732947856,1.8999,,,,-0.0745,0.09938,0.01889,,,,,,,-0.0711,0.09625,0.0175,,-0.08068,0.10562,0.01305,,,,,,,,,,,,,,CLAS_EG1b
0.24511,0.0080220732947856,1.9401,,,,-0.44607,0.09965,0.02195,,,,,,,-0.41206,0.09223,0.01947,,-0.44438,0.10036,0.01862,,,,,,,,,,,,,,CLAS_EG1b
0.24563,0.0080220732947856,1.9803,,,,-0.11192,0.09843,0.02033,,,,,,,-0.09527,0.08725,0.01774,,-0.09386,0.09423,0.01817,,,,,,,,,,,,,,CLAS_EG1b
0.24441,0.0080220732947856,2.0184,,,,-0.10607,0.12073,0.01825,,,,,,,-0.0906,0.10323,0.01546,,-0.08775,0.11082,0.01569,,,,,,,,,,,,,,CLAS_EG1b
0.24352,0.0080220732947856,2.0598,,,,-0.02329,0.19539,0.02637,,,,,,,-0.01548,0.15971,0.02103,,-0.00743,0.17024,0.02127,,,,,,,,,,,,,,CLAS_EG1b
0.24335,0.0080220732947856,2.0997,,,,-0.43584,0.2022,0.03429,,,,,,,-0.34181,0.15896,0.02644,,-0.3544,0.16854,0.02715,,,,,,,,,,,,,,CLAS_EG1b
0.24438,0.0080220732947856,2.1402,,,,-0.37963,0.20184,0.03658,,,,,,,-0.28827,0.15274,0.02719,,-0.29703,0.16119,0.02809,,,,,,,,,,,,,,CLAS_EG1b
0.24386,0.0080220732947856,2.1802,,,,-0.45481,0.1939,0.03635,,,,,,,-0.3328,0.14147,0.02608,,-0.34302,0.14864,0.02693,,,,,,,,,,,,,,CLAS_EG1b
0.24308,0.0080220732947856,2.2198,,,,-0.37308,0.19391,0.03931,,,,,,,-0.26517,0.13664,0.0274,,-0.27148,0.14299,0.02825,,,,,,,,,,,,,,CLAS_EG1b
0.24358,0.0080220732947856,2.2599,,,,0.23336,0.25552,0.05842,,,,,,,0.15945,0.17456,0.03941,,0.17221,0.1821,0.04075,,,,,,,,,,,,,,CLAS_EG1b
0.24385,0.0080220732947856,2.3,,,,0.48695,0.46119,0.06743,,,,,,,0.32102,0.30439,0.04486,,0.33917,0.31648,0.04641,,,,,,,,,,,,,,CLAS_EG1b
0.24314,0.0080220732947856,2.3395,,,,-0.00299,0.54648,0.06631,,,,,,,-0.00186,0.34975,0.04254,,0.00314,0.36257,0.04388,,,,,,,,,,,,,,CLAS_EG1b
0.24394,0.0080220732947856,2.3801,,,,0.58703,0.65984,0.06779,,,,,,,0.36497,0.41005,0.04224,,0.38214,0.42401,0.04348,,,,,,,,,,,,,,CLAS_EG1b
0.24384,0.0080220732947856,2.4203,,,,-0.2797,0.20951,0.04929,,,,,,,-0.16839,0.12647,0.03032,,-0.16924,0.13045,0.03112,,,,,,,,,,,,,,CLAS_EG1b
0.24362,0.0080220732947856,2.4603,,,,-0.34153,0.20112,0.01907,,,,,,,-0.20133,0.11824,0.0103,,-0.20313,0.1217,0.01009,,,,,,,,,,,,,,CLAS_EG1b
0.24292,0.0080220732947856,2.4995,,,,-0.2021,0.20881,0.01608,,,,,,,-0.11607,0.11998,0.00847,,-0.11534,0.12324,0.00813,,,,,,,,,,,,,,CLAS_EG1b
0.24378,0.0080220732947856,2.5399,,,,-0.21631,0.22421,0.01482,,,,,,,-0.12172,0.12627,0.0075,,-0.12115,0.12948,0.00706,,,,,,,,,,,,,,CLAS_EG1b
0.24475,0.0080220732947856,2.5808,,,,-0.33593,0.23289,0.01657,,,,,,,-0.1861,0.12893,0.00831,,-0.18708,0.132,0.00801,,,,,,,,,,,,,,CLAS_EG1b
0.24452,0.0080220732947856,2.6203,,,,-0.27567,0.21776,0.05234,,,,,,,-0.15017,0.11887,0.02804,,-0.1502,0.1215,0.02849,,,,,,,,,,,,,,CLAS_EG1b
0.24452,0.0080220732947856,2.654,,,,-0.03281,0.43558,0.0759,,,,,,,-0.01604,0.23509,0.04076,,-0.01319,0.24002,0.04152,,,,,,,,,,,,,,CLAS_EG1b
0.24917,0.0080220732947856,2.7019,,,,-0.372,0.42141,0.07186,,,,,,,-0.19843,0.22414,0.03821,,-0.19946,0.22856,0.03891,,,,,,,,,,,,,,CLAS_EG1b
0.24606,0.0080220732947856,2.7405,,,,-0.51495,0.3502,0.10864,,,,,,,-0.26998,0.18397,0.05672,,-0.27208,0.18734,0.05767,,,,,,,,,,,,,,CLAS_EG1b
0.24537,0.0080220732947856,2.7805,,,,0.61226,0.33994,0.13959,,,,,,,0.3164,0.17605,0.07267,,0.32443,0.17907,0.07387,,,,,,,,,,,,,,CLAS_EG1b
0.24545,0.0080220732947856,2.8209,,,,-0.51774,0.3,0.11452,,,,,,,-0.26359,0.15281,0.05907,,-0.26533,0.15528,0.06002,,,,,,,,,,,,,,CLAS_EG1b
0.244,0.0080220732947856,2.8601,,,,-0.63731,0.28479,0.08309,,,,,,,-0.32008,0.1424,0.04172,,-0.32262,0.14455,0.04233,,,,,,,,,,,,,,CLAS_EG1b
0.24394,0.0080220732947856,2.9002,,,,0.0197,0.28315,0.07065,,,,,,,0.00993,0.13857,0.03498,,0.0123,0.14053,0.03545,,,,,,,,,,,,,,CLAS_EG1b
0.24351,0.0080220732947856,2.9402,,,,-0.18013,0.29181,0.32695,,,,,,,-0.08686,0.13948,0.15284,,-0.08597,0.14135,0.15477,,,,,,,,,,,,,,CLAS_EG1b
0.29072,0.0080220732947856,1.1404,,,,-0.00563,0.03245,0.0218,,,,,,,-0.02637,0.10194,0.11133,,-0.18258,0.30042,0.32654,,,,,,,,,,,,,,CLAS_EG1b
0.29058,0.0080220732947856,1.1805,,,,-0.12126,0.04165,0.04749,,,,,,,-0.13095,0.04168,0.04285,,-0.31437,0.1062,0.16165,,,,,,,,,,,,,,CLAS_EG1b
0.29068,0.0080220732947856,1.2201,,,,-0.19947,0.0453,0.06235,,,,,,,-0.13675,0.03103,0.04819,,-0.28915,0.07037,0.1541,,,,,,,,,,,,,,CLAS_EG1b
0.29089,0.0080220732947856,1.2598,,,,-0.20858,0.04372,0.05272,,,,,,,-0.1819,0.03894,0.04318,,-0.39176,0.07939,0.12737,,,,,,,,,,,,,,CLAS_EG1b
0.29123,0.0080220732947856,1.2997,,,,-0.00302,0.04104,0.03095,,,,,,,-0.01072,0.05273,0.03473,,-0.09023,0.09767,0.08443,,,,,,,,,,,,,,CLAS_EG1b
0.29182,0.0080220732947856,1.3398,,,,-0.02414,0.0392,0.02389,,,,,,,-0.03973,0.06303,0.03862,,-0.20491,0.10766,0.04502,,,,,,,,,,,,,,CLAS_EG1b
0.29227,0.0080220732947856,1.3799,,,,-0.06775,0.03893,0.02694,,,,,,,-0.11961,0.06878,0.04669,,-0.37111,0.10968,0.04214,,,,,,,,,,,,,,CLAS_EG1b
0.2928,0.0080220732947856,1.4201,,,,0.01112,0.03901,0.02802,,,,,,,0.01906,0.06847,0.04812,,-0.16435,0.10303,0.05951,,,,,,,,,,,,,,CLAS_EG1b
0.2932,0.0080220732947856,1.4602,,,,0.00552,0.04085,0.02617,,,,,,,0.01008,0.0638,0.04165,,-0.1448,0.09135,0.07269,,,,,,,,,,,,,,CLAS_EG1b
0.29333,0.0080220732947856,1.5002,,,,-0.03316,0.04229,0.02177,,,,,,,-0.04584,0.05819,0.03156,,-0.16891,0.07996,0.07792,,,,,,,,,,,,,,CLAS_EG1b
0.29303,0.0080220732947856,1.5402,,,,0.12407,0.04267,0.01753,,,,,,,0.17443,0.06014,0.02475,,0.13931,0.07966,0.07481,,,,,,,,,,,,,,CLAS_EG1b
0.29269,0.0080220732947856,1.58,,,,-0.03883,0.04377,0.01605,,,,,,,-0.05609,0.06315,0.02317,,-0.17396,0.08105,0.06802,,,,,,,,,,,,,,CLAS_EG1b
0.29231,0.0080220732947856,1.62,,,,0.01806,0.04577,0.01517,,,,,,,0.02656,0.0671,0.02191,,-0.05678,0.08378,0.06066,,,,,,,,,,,,,,CLAS_EG1b
0.29165,0.0080220732947856,1.6599,,,,0.00796,0.04958,0.0153,,,,,,,0.00886,0.069,0.02045,,-0.04148,0.0841,0.05171,,,,,,,,,,,,,,CLAS_EG1b
0.29111,0.0080220732947856,1.6997,,,,-0.11896,0.06132,0.02315,,,,,,,-0.14456,0.07503,0.02825,,-0.20876,0.08966,0.04796,,,,,,,,,,,,,,CLAS_EG1b
0.29073,0.0080220732947856,1.7392,,,,-0.12299,0.07652,0.02736,,,,,,,-0.14862,0.09262,0.03291,,-0.19016,0.10861,0.04544,,,,,,,,,,,,,,CLAS_EG1b
0.29083,0.0080220732947856,1.7799,,,,-0.08212,0.07911,0.02098,,,,,,,-0.09938,0.09518,0.0249,,-0.13474,0.10984,0.03161,,,,,,,,,,,,,,CLAS_EG1b
0.29143,0.0080220732947856,1.8201,,,,-0.14927,0.08047,0.01638,,,,,,,-0.1727,0.09353,0.01796,,-0.21023,0.10647,0.01756,,,,,,,,,,,,,,CLAS_EG1b
0.29198,0.0080220732947856,1.86,,,,-0.37725,0.08138,0.0192,,,,,,,-0.41667,0.09049,0.0203,,-0.47791,0.10177,0.01778,,,,,,,,,,,,,,CLAS_EG1b
0.29168,0.0080220732947856,1.9001,,,,-0.2504,0.08067,0.01759,,,,,,,-0.26609,0.08561,0.01792,,-0.29944,0.09524,0.01492,,,,,,,,,,,,,,CLAS_EG1b
0.29078,0.0080220732947856,1.94,,,,-0.22476,0.07983,0.01595,,,,,,,-0.22803,0.0809,0.01519,,-0.24714,0.08912,0.01375,,,,,,,,,,,,,,CLAS_EG1b
0.29037,0.0080220732947856,1.9798,,,,-0.23976,0.08078,0.01875,,,,,,,-0.23183,0.0783,0.01737,,-0.24431,0.08551,0.01813,,,,,,,,,,,,,,CLAS_EG1b
0.28968,0.0080220732947856,2.0179,,,,-0.16881,0.12793,0.01987,,,,,,,-0.15672,0.1196,0.01811,,-0.15988,0.12978,0.01894,,,,,,,,,,,,,,CLAS_EG1b
0.29145,0.0080220732947856,2.0601,,,,-0.12702,0.18475,0.02353,,,,,,,-0.1168,0.1645,0.01998,,-0.11736,0.17714,0.02008,,,,,,,,,,,,,,CLAS_EG1b
0.29135,0.0080220732947856,2.1001,,,,-0.4057,0.1933,0.02985,,,,,,,-0.34431,0.16543,0.02463,,-0.35968,0.17708,0.02503,,,,,,,,,,,,,,CLAS_EG1b
0.29085,0.0080220732947856,2.1399,,,,0.03832,0.20851,0.02823,,,,,,,0.0322,0.17156,0.02317,,0.04216,0.1826,0.02357,,,,,,,,,,,,,,CLAS_EG1b
0.29081,0.0080220732947856,2.1799,,,,-0.08367,0.22207,0.02649,,,,,,,-0.06731,0.17603,0.02072,,-0.06417,0.18644,0.02087,,,,,,,,,,,,,,CLAS_EG1b
0.29096,0.0080220732947856,2.22,,,,0.11764,0.23895,0.02926,,,,,,,0.08715,0.18276,0.0222,,0.0983,0.19272,0.02256,,,,,,,,,,,,,,CLAS_EG1b
0.29042,0.0080220732947856,2.2598,,,,-0.07342,0.27852,0.03112,,,,,,,-0.05333,0.20625,0.023,,-0.04955,0.21664,0.02346,,,,,,,,,,,,,,CLAS_EG1b
0.29008,0.0080220732947856,2.2996,,,,0.13862,0.42958,0.03916,,,,,,,0.101,0.30745,0.02806,,0.11178,0.3217,0.02884,,,,,,,,,,,,,,CLAS_EG1b
0.29102,0.0080220732947856,2.3401,,,,0.18806,0.50925,0.04808,,,,,,,0.13062,0.3533,0.03341,,0.14179,0.36849,0.03444,,,,,,,,,,,,,,CLAS_EG1b
0.2908,0.0080220732947856,2.3801,,,,0.24444,0.33634,0.05103,,,,,,,0.16289,0.22476,0.03432,,0.1743,0.23354,0.03532,,,,,,,,,,,,,,CLAS_EG1b
0.29136,0.0080220732947856,2.4203,,,,0.0824,0.18831,0.04948,,,,,,,0.05253,0.12321,0.03237,,0.05919,0.12776,0.03322,,,,,,,,,,,,,,CLAS_EG1b
0.2917,0.0080220732947856,2.4601,,,,0.1397,0.18791,0.04553,,,,,,,0.08935,0.11976,0.02909,,0.09702,0.12388,0.02979,,,,,,,,,,,,,,CLAS_EG1b
0.29229,0.0080220732947856,2.5002,,,,-0.18587,0.18753,0.04536,,,,,,,-0.11547,0.11669,0.02811,,-0.11486,0.12044,0.02874,,,,,,,,,,,,,,CLAS_EG1b
0.29211,0.0080220732947856,2.5401,,,,-0.1236,0.19017,0.04883,,,,,,,-0.07504,0.11591,0.02966,,-0.07319,0.11938,0.03032,,,,,,,,,,,,,,CLAS_EG1b
0.29186,0.0080220732947856,2.5805,,,,-0.06535,0.1883,0.04832,,,,,,,-0.03859,0.11271,0.02888,,-0.03577,0.11586,0.02949,,,,,,,,,,,,,,CLAS_EG1b
0.29134,0.0080220732947856,2.6191,,,,-0.45167,0.2288,0.0488,,,,,,,-0.26479,0.13482,0.02861,,-0.26791,0.13835,0.02918,,,,,,,,,,,,,,CLAS_EG1b
0.29316,0.0080220732947856,2.6606,,,,-0.0039,0.28219,0.05009,,,,,,,-0.00103,0.16347,0.02901,,0.00255,0.16747,0.02959,,,,,,,,,,,,,,CLAS_EG1b
0.29085,0.0080220732947856,2.6998,,,,-0.11756,0.27547,0.05083,,,,,,,-0.06545,0.15716,0.02884,,-0.06352,0.16075,0.0294,,,,,,,,,,,,,,CLAS_EG1b
0.29251,0.0080220732947856,2.7405,,,,-0.37826,0.27303,0.06457,,,,,,,-0.2123,0.15319,0.03586,,-0.21377,0.15649,0.03653,,,,,,,,,,,,,,CLAS_EG1b
0.29176,0.0080220732947856,2.7804,,,,-0.00653,0.25071,0.07069,,,,,,,-0.00302,0.13818,0.03885,,-0.0001,0.14096,0.03957,,,,,,,,,,,,,,CLAS_EG1b
0.29059,0.0080220732947856,2.8199,,,,-0.23844,0.25104,0.05255,,,,,,,-0.12828,0.13566,0.02829,,-0.12791,0.13822,0.02876,,,,,,,,,,,,,,CLAS_EG1b
0.2906,0.0080220732947856,2.86,,,,-0.04927,0.27714,0.10333,,,,,,,-0.0251,0.1467,0.05343,,-0.02289,0.14932,0.05428,,,,,,,,,,,,,,CLAS_EG1b
0.29084,0.0080220732947856,2.9,,,,0.35116,0.42671,0.30639,,,,,,,0.17901,0.22013,0.15579,,0.18438,0.22382,0.15827,,,,,,,,,,,,,,CLAS_EG1b
0.34943,0.0080220732947856,1.1404,,,,0.0003,0.02752,0.01943,,,,,,,0.0144,0.09597,0.08425,,-0.04147,0.28797,0.19358,,,,,,,,,,,,,,CLAS_EG1b
0.34894,0.0080220732947856,1.1805,,,,-0.10871,0.0343,0.04211,,,,,,,-0.12984,0.0385,0.04248,,-0.31164,0.1008,0.1563,,,,,,,,,,,,,,CLAS_EG1b
0.34828,0.0080220732947856,1.2202,,,,-0.24536,0.03754,0.05444,,,,,,,-0.18817,0.0288,0.04689,,-0.40861,0.06747,0.14695,,,,,,,,,,,,,,CLAS_EG1b
0.34805,0.0080220732947856,1.2599,,,,-0.0469,0.03679,0.04462,,,,,,,-0.04688,0.03659,0.04036,,-0.11179,0.07726,0.11874,,,,,,,,,,,,,,CLAS_EG1b
0.34796,0.0080220732947856,1.2998,,,,-0.06905,0.03471,0.02458,,,,,,,-0.09764,0.04953,0.03055,,-0.25981,0.09513,0.07544,,,,,,,,,,,,,,CLAS_EG1b
0.34785,0.0080220732947856,1.3398,,,,-0.02696,0.03321,0.01777,,,,,,,-0.04802,0.05885,0.03147,,-0.22802,0.10418,0.03996,,,,,,,,,,,,,,CLAS_EG1b
0.34777,0.0080220732947856,1.38,,,,0.02678,0.03296,0.02031,,,,,,,0.05174,0.06375,0.03828,,-0.10495,0.10529,0.04771,,,,,,,,,,,,,,CLAS_EG1b
0.34755,0.0080220732947856,1.42,,,,0.07985,0.03334,0.02251,,,,,,,0.15171,0.06388,0.04184,,0.0273,0.09936,0.07,,,,,,,,,,,,,,CLAS_EG1b
0.34733,0.0080220732947856,1.4601,,,,0.04954,0.03463,0.02166,,,,,,,0.08436,0.05901,0.03753,,-0.04867,0.08717,0.08441,,,,,,,,,,,,,,CLAS_EG1b
0.34707,0.0080220732947856,1.5,,,,-0.00886,0.03643,0.01761,,,,,,,-0.01422,0.05475,0.02786,,-0.13431,0.0775,0.08917,,,,,,,,,,,,,,CLAS_EG1b
0.34705,0.0080220732947856,1.5399,,,,0.0233,0.03814,0.01426,,,,,,,0.03566,0.05871,0.02197,,-0.05128,0.07998,0.08631,,,,,,,,,,,,,,CLAS_EG1b
0.34701,0.0080220732947856,1.5799,,,,0.01768,0.04043,0.01387,,,,,,,0.02784,0.06374,0.02184,,-0.07485,0.08399,0.08076,,,,,,,,,,,,,,CLAS_EG1b
0.3466,0.0080220732947856,1.6198,,,,-0.04739,0.04402,0.01315,,,,,,,-0.07589,0.07044,0.0205,,-0.19787,0.09016,0.0753,,,,,,,,,,,,,,CLAS_EG1b
0.34662,0.0080220732947856,1.6598,,,,-0.01683,0.0591,0.01752,,,,,,,-0.03024,0.08956,0.02442,,-0.09896,0.11173,0.06975,,,,,,,,,,,,,,CLAS_EG1b
0.34648,0.0080220732947856,1.6993,,,,-0.0603,0.05993,0.02872,,,,,,,-0.07675,0.0791,0.03816,,-0.1356,0.09647,0.06676,,,,,,,,,,,,,,CLAS_EG1b
0.34768,0.0080220732947856,1.74,,,,-0.00594,0.07095,0.0322,,,,,,,-0.00806,0.09384,0.04252,,-0.03093,0.11231,0.06081,,,,,,,,,,,,,,CLAS_EG1b
0.34714,0.0080220732947856,1.78,,,,-0.03796,0.0704,0.02283,,,,,,,-0.05011,0.09304,0.02986,,-0.08091,0.10942,0.04166,,,,,,,,,,,,,,CLAS_EG1b
0.3468,0.0080220732947856,1.8199,,,,-0.16205,0.07039,0.01234,,,,,,,-0.2082,0.09013,0.01451,,-0.25572,0.10438,0.01885,,,,,,,,,,,,,,CLAS_EG1b
0.34666,0.0080220732947856,1.8599,,,,-0.24013,0.07006,0.01335,,,,,,,-0.29568,0.08595,0.01454,,-0.34904,0.0982,0.01282,,,,,,,,,,,,,,CLAS_EG1b
0.3469,0.0080220732947856,1.8999,,,,-0.27344,0.0704,0.01401,,,,,,,-0.31935,0.08244,0.0148,,-0.3645,0.09308,0.01221,,,,,,,,,,,,,,CLAS_EG1b
0.34766,0.0080220732947856,1.94,,,,-0.12629,0.07078,0.01524,,,,,,,-0.1409,0.07905,0.0155,,-0.15334,0.08831,0.01529,,,,,,,,,,,,,,CLAS_EG1b
0.34726,0.0080220732947856,1.9794,,,,-0.32103,0.07359,0.01788,,,,,,,-0.34295,0.07857,0.0175,,-0.3708,0.08697,0.01886,,,,,,,,,,,,,,CLAS_EG1b
0.34732,0.0080220732947856,2.0199,,,,-0.25487,0.1578,0.03125,,,,,,,-0.25969,0.1609,0.03064,,-0.27498,0.17656,0.03301,,,,,,,,,,,,,,CLAS_EG1b
0.34704,0.0080220732947856,2.0599,,,,0.24295,0.16316,0.03993,,,,,,,0.23815,0.15915,0.03927,,0.2687,0.17328,0.04196,,,,,,,,,,,,,,CLAS_EG1b
0.34684,0.0080220732947856,2.0998,,,,-0.0668,0.178,0.03081,,,,,,,-0.06367,0.16663,0.02971,,-0.06043,0.1802,0.03104,,,,,,,,,,,,,,CLAS_EG1b
0.34695,0.0080220732947856,2.1399,,,,-0.22928,0.19148,0.01653,,,,,,,-0.20744,0.17209,0.01372,,-0.21509,0.18494,0.01227,,,,,,,,,,,,,,CLAS_EG1b
0.34689,0.0080220732947856,2.1799,,,,-0.2208,0.20368,0.01887,,,,,,,-0.19024,0.17617,0.01462,,-0.19564,0.18827,0.01366,,,,,,,,,,,,,,CLAS_EG1b
0.34671,0.0080220732947856,2.2197,,,,-0.35565,0.2214,0.03292,,,,,,,-0.29486,0.18464,0.02561,,-0.30618,0.19633,0.02623,,,,,,,,,,,,,,CLAS_EG1b
0.34775,0.0080220732947856,2.2599,,,,-0.53177,0.27141,0.05196,,,,,,,-0.4279,0.21909,0.04071,,-0.44622,0.23198,0.04252,,,,,,,,,,,,,,CLAS_EG1b
0.34894,0.0080220732947856,2.3003,,,,0.31713,0.34002,0.07187,,,,,,,0.24725,0.2648,0.05566,,0.26696,0.27917,0.05828,,,,,,,,,,,,,,CLAS_EG1b
0.34965,0.0080220732947856,2.3404,,,,0.40924,0.33573,0.07588,,,,,,,0.30823,0.25331,0.05786,,0.32956,0.26606,0.06048,,,,,,,,,,,,,,CLAS_EG1b
0.34905,0.0080220732947856,2.3803,,,,0.06813,0.20451,0.05368,,,,,,,0.04804,0.14914,0.04023,,0.05555,0.15601,0.04178,,,,,,,,,,,,,,CLAS_EG1b
0.34849,0.0080220732947856,2.4201,,,,-0.04086,0.16043,0.03129,,,,,,,-0.02818,0.11422,0.02218,,-0.02408,0.11916,0.02248,,,,,,,,,,,,,,CLAS_EG1b
0.34782,0.0080220732947856,2.4602,,,,0.04885,0.15954,0.03546,,,,,,,0.0337,0.11059,0.02429,,0.03996,0.11504,0.02475,,,,,,,,,,,,,,CLAS_EG1b
0.34758,0.0080220732947856,2.5,,,,-0.44224,0.1624,0.03444,,,,,,,-0.29858,0.10993,0.02275,,-0.30502,0.11405,0.02314,,,,,,,,,,,,,,CLAS_EG1b
0.34856,0.0080220732947856,2.5405,,,,-0.31232,0.16251,0.02855,,,,,,,-0.20637,0.10767,0.01796,,-0.20912,0.11144,0.01809,,,,,,,,,,,,,,CLAS_EG1b
0.3476,0.0080220732947856,2.5801,,,,-0.33359,0.16265,0.02606,,,,,,,-0.21738,0.10577,0.01606,,-0.22035,0.10922,0.01612,,,,,,,,,,,,,,CLAS_EG1b
0.3457,0.0080220732947856,2.6169,,,,-0.11543,0.20511,0.0403,,,,,,,-0.07371,0.13125,0.02504,,-0.07195,0.13526,0.0255,,,,,,,,,,,,,,CLAS_EG1b
0.34755,0.0080220732947856,2.66,,,,-0.17624,0.24292,0.07337,,,,,,,-0.11031,0.15274,0.04578,,-0.10963,0.1571,0.0469,,,,,,,,,,,,,,CLAS_EG1b
0.34822,0.0080220732947856,2.7004,,,,0.24429,0.23301,0.08454,,,,,,,0.15191,0.1441,0.0527,,0.15967,0.14796,0.05401,,,,,,,,,,,,,,CLAS_EG1b
0.34669,0.0080220732947856,2.7399,,,,-0.24516,0.26441,0.08294,,,,,,,-0.14932,0.16108,0.05055,,-0.14966,0.16515,0.05171,,,,,,,,,,,,,,CLAS_EG1b
0.34708,0.0080220732947856,2.7799,,,,-0.73446,0.50957,0.11202,,,,,,,-0.43865,0.30412,0.06661,,-0.4458,0.3113,0.06808,,,,,,,,,,,,,,CLAS_EG1b
0.3471,0.0080220732947856,2.82,,,,-0.82749,0.38115,0.18352,,,,,,,-0.48231,0.22248,0.10694,,-0.48989,0.2274,0.10921,,,,,,,,,,,,,,CLAS_EG1b
0.34713,0.0080220732947856,2.8601,,,,0.72672,0.37865,0.25145,,,,,,,0.41607,0.21622,0.14439,,0.42771,0.22074,0.14736,,,,,,,,,,,,,,CLAS_EG1b
0.34736,0.0080220732947856,2.9003,,,,0.64586,0.42843,0.34865,,,,,,,0.36087,0.23934,0.19416,,0.37078,0.24409,0.19792,,,,,,,,,,,,,,CLAS_EG1b
0.4142,0.0080220732947856,1.1403,,,,-0.00148,0.0238,0.01565,,,,,,,0.01604,0.09493,0.08466,,-0.01447,0.28683,0.19895,,,,,,,,,,,,,,CLAS_EG1b
0.41392,0.0080220732947856,1.1804,,,,-0.08413,0.02876,0.03337,,,,,,,-0.11189,0.03724,0.03887,,-0.25824,0.09913,0.13653,,,,,,,,,,,,,,CLAS_EG1b
0.41351,0.0080220732947856,1.2202,,,,-0.16595,0.03121,0.04263,,,,,,,-0.147,0.02764,0.04261,,-0.3162,0.06626,0.12734,,,,,,,,,,,,,,CLAS_EG1b
0.41326,0.0080220732947856,1.2598,,,,-0.16356,0.03072,0.03453,,,,,,,-0.1964,0.03516,0.03585,,-0.42893,0.07629,0.10114,,,,,,,,,,,,,,CLAS_EG1b
0.41313,0.0080220732947856,1.2998,,,,-0.02395,0.0294,0.01768,,,,,,,-0.04292,0.04783,0.02377,,-0.15101,0.09466,0.06032,,,,,,,,,,,,,,CLAS_EG1b
0.41327,0.0080220732947856,1.3398,,,,-0.01429,0.0288,0.00969,,,,,,,-0.0273,0.05752,0.01916,,-0.19667,0.10509,0.03654,,,,,,,,,,,,,,CLAS_EG1b
0.41341,0.0080220732947856,1.3799,,,,0.00355,0.02938,0.01188,,,,,,,0.00795,0.06347,0.02508,,-0.18609,0.10828,0.05697,,,,,,,,,,,,,,CLAS_EG1b
0.41342,0.0080220732947856,1.4199,,,,0.05568,0.03097,0.01479,,,,,,,0.11726,0.066,0.03054,,-0.03083,0.10602,0.08056,,,,,,,,,,,,,,CLAS_EG1b
0.4135,0.0080220732947856,1.46,,,,0.00703,0.0325,0.01548,,,,,,,0.01454,0.0615,0.02953,,-0.16114,0.09374,0.09572,,,,,,,,,,,,,,CLAS_EG1b
0.41325,0.0080220732947856,1.4999,,,,0.03475,0.03508,0.01456,,,,,,,0.05832,0.05851,0.02543,,-0.03887,0.08536,0.1015,,,,,,,,,,,,,,CLAS_EG1b
0.41306,0.0080220732947856,1.5398,,,,0.03321,0.03744,0.01362,,,,,,,0.05625,0.06395,0.02363,,-0.02723,0.08965,0.1005,,,,,,,,,,,,,,CLAS_EG1b
0.41355,0.0080220732947856,1.5799,,,,0.07204,0.04469,0.01258,,,,,,,0.1268,0.07815,0.02224,,0.04985,0.10589,0.09839,,,,,,,,,,,,,,CLAS_EG1b
0.41358,0.0080220732947856,1.6199,,,,-0.03717,0.05026,0.01245,,,,,,,-0.0657,0.08897,0.02142,,-0.1938,0.11675,0.09423,,,,,,,,,,,,,,CLAS_EG1b
0.41277,0.0080220732947856,1.6596,,,,0.01692,0.05203,0.0222,,,,,,,0.02565,0.08688,0.03403,,-0.03672,0.11108,0.08958,,,,,,,,,,,,,,CLAS_EG1b
0.41372,0.0080220732947856,1.6998,,,,0.07881,0.06271,0.03458,,,,,,,0.11508,0.09093,0.05098,,0.09448,0.11348,0.08859,,,,,,,,,,,,,,CLAS_EG1b
0.41437,0.0080220732947856,1.7399,,,,-0.06782,0.06165,0.03587,,,,,,,-0.09862,0.09009,0.05234,,-0.14902,0.11013,0.07829,,,,,,,,,,,,,,CLAS_EG1b
0.4145,0.0080220732947856,1.78,,,,-0.00193,0.06007,0.02413,,,,,,,-0.00237,0.08822,0.03498,,-0.02679,0.10584,0.05179,,,,,,,,,,,,,,CLAS_EG1b
0.41468,0.0080220732947856,1.82,,,,-0.09246,0.06001,0.01267,,,,,,,-0.13111,0.08564,0.01668,,-0.16926,0.10106,0.02628,,,,,,,,,,,,,,CLAS_EG1b
0.41482,0.0080220732947856,1.86,,,,-0.21284,0.06039,0.01272,,,,,,,-0.29143,0.08266,0.01517,,-0.351,0.09613,0.01818,,,,,,,,,,,,,,CLAS_EG1b
0.4147,0.0080220732947856,1.9001,,,,-0.15822,0.06023,0.01212,,,,,,,-0.2076,0.07867,0.01368,,-0.24407,0.09029,0.01379,,,,,,,,,,,,,,CLAS_EG1b
0.41431,0.0080220732947856,1.94,,,,-0.20694,0.06019,0.01334,,,,,,,-0.25769,0.07488,0.01497,,-0.28888,0.08493,0.01592,,,,,,,,,,,,,,CLAS_EG1b
0.41246,0.0080220732947856,1.9776,,,,-0.00781,0.07956,0.01675,,,,,,,-0.00806,0.09499,0.01927,,-0.00065,0.10673,0.02136,,,,,,,,,,,,,,CLAS_EG1b
0.41405,0.0080220732947856,2.0199,,,,-0.05548,0.14821,0.02107,,,,,,,-0.06092,0.16742,0.02353,,-0.05777,0.1861,0.02544,,,,,,,,,,,,,,CLAS_EG1b
0.41518,0.0080220732947856,2.06,,,,0.01703,0.15264,0.03013,,,,,,,0.02119,0.16475,0.03225,,0.03288,0.18164,0.03427,,,,,,,,,,,,,,CLAS_EG1b
0.41615,0.0080220732947856,2.1002,,,,0.14979,0.16221,0.03696,,,,,,,0.15416,0.16748,0.03822,,0.17705,0.18324,0.04058,,,,,,,,,,,,,,CLAS_EG1b
0.41632,0.0080220732947856,2.14,,,,-0.24976,0.16672,0.03685,,,,,,,-0.24833,0.16512,0.03617,,-0.262,0.17941,0.03816,,,,,,,,,,,,,,CLAS_EG1b
0.41615,0.0080220732947856,2.18,,,,-0.35281,0.17294,0.03329,,,,,,,-0.33564,0.1646,0.03117,,-0.3548,0.17772,0.03244,,,,,,,,,,,,,,CLAS_EG1b
0.41616,0.0080220732947856,2.2201,,,,-0.01361,0.17886,0.04081,,,,,,,-0.00983,0.16394,0.0368,,-0.00298,0.176,0.03848,,,,,,,,,,,,,,CLAS_EG1b
0.4153,0.0080220732947856,2.2601,,,,-0.06578,0.2167,0.06363,,,,,,,-0.05966,0.19165,0.05569,,-0.05718,0.20466,0.05882,,,,,,,,,,,,,,CLAS_EG1b
0.41527,0.0080220732947856,2.3002,,,,0.15337,0.22115,0.07021,,,,,,,0.1317,0.18906,0.06057,,0.14645,0.20093,0.06398,,,,,,,,,,,,,,CLAS_EG1b
0.41482,0.0080220732947856,2.3401,,,,-0.1363,0.22269,0.04816,,,,,,,-0.11165,0.18436,0.04076,,-0.11193,0.19509,0.04267,,,,,,,,,,,,,,CLAS_EG1b
0.41414,0.0080220732947856,2.38,,,,-0.2567,0.15589,0.02548,,,,,,,-0.20641,0.12496,0.01962,,-0.21187,0.13167,0.01953,,,,,,,,,,,,,,CLAS_EG1b
0.41509,0.0080220732947856,2.4202,,,,0.00645,0.14369,0.0311,,,,,,,0.00583,0.11212,0.02368,,0.01166,0.11776,0.02404,,,,,,,,,,,,,,CLAS_EG1b
0.41573,0.0080220732947856,2.4602,,,,-0.21387,0.14023,0.02998,,,,,,,-0.16262,0.1065,0.02224,,-0.1651,0.1115,0.02254,,,,,,,,,,,,,,CLAS_EG1b
0.4147,0.0080220732947856,2.5002,,,,-0.28142,0.14021,0.02132,,,,,,,-0.20917,0.10394,0.01466,,-0.21347,0.10848,0.01428,,,,,,,,,,,,,,CLAS_EG1b
0.41326,0.0080220732947856,2.5398,,,,-0.21405,0.14418,0.0219,,,,,,,-0.15592,0.10466,0.01499,,-0.15767,0.10892,0.01463,,,,,,,,,,,,,,CLAS_EG1b
0.41319,0.0080220732947856,2.5797,,,,-0.01829,0.16509,0.0338,,,,,,,-0.01303,0.1177,0.0237,,-0.00906,0.12218,0.02403,,,,,,,,,,,,,,CLAS_EG1b
0.41365,0.0080220732947856,2.6172,,,,-0.11541,0.23823,0.03711,,,,,,,-0.07975,0.1669,0.02572,,-0.07818,0.17286,0.02619,,,,,,,,,,,,,,CLAS_EG1b
0.41464,0.0080220732947856,2.6601,,,,-0.21128,0.27548,0.0283,,,,,,,-0.14538,0.19005,0.01882,,-0.14612,0.19643,0.01889,,,,,,,,,,,,,,CLAS_EG1b
0.41403,0.0080220732947856,2.6999,,,,-0.25328,0.37362,0.06498,,,,,,,-0.17172,0.2535,0.04313,,-0.1732,0.26145,0.04418,,,,,,,,,,,,,,CLAS_EG1b
0.41433,0.0080220732947856,2.74,,,,-0.71462,0.41169,0.09821,,,,,,,-0.47695,0.27474,0.06522,,-0.48729,0.28283,0.067,,,,,,,,,,,,,,CLAS_EG1b
0.41384,0.0080220732947856,2.7799,,,,-0.53044,0.46003,0.14403,,,,,,,-0.34751,0.30151,0.09364,,-0.35358,0.30985,0.09609,,,,,,,,,,,,,,CLAS_EG1b
0.41435,0.0080220732947856,2.8201,,,,0.52297,0.33783,0.18562,,,,,,,0.33485,0.21693,0.11915,,0.34685,0.22258,0.12216,,,,,,,,,,,,,,CLAS_EG1b
0.414,0.0080220732947856,2.8601,,,,0.15964,0.33987,0.21732,,,,,,,0.09847,0.21343,0.13658,,0.10395,0.21866,0.13985,,,,,,,,,,,,,,CLAS_EG1b
0.41371,0.0080220732947856,2.9,,,,0.79918,0.48445,0.32754,,,,,,,0.49174,0.2986,0.19965,,0.50624,0.30559,0.20413,,,,,,,,,,,,,,CLAS_EG1b
0.49326,0.0080220732947856,1.1403,,,,0.03919,0.02106,0.01824,,,,,,,0.15998,0.09886,0.09445,,0.42422,0.2979,0.20931,,,,,,,,,,,,,,CLAS_EG1b
0.49313,0.0080220732947856,1.1804,,,,-0.10587,0.02511,0.03929,,,,,,,-0.15363,0.03867,0.05415,,-0.35903,0.10379,0.15127,,,,,,,,,,,,,,CLAS_EG1b
0.49292,0.0080220732947856,1.2202,,,,-0.09358,0.02744,0.05186,,,,,,,-0.09816,0.02884,0.06167,,-0.19522,0.0702,0.15507,,,,,,,,,,,,,,CLAS_EG1b
0.49271,0.0080220732947856,1.2599,,,,-0.08302,0.02754,0.04528,,,,,,,-0.11565,0.0372,0.05764,,-0.25622,0.08242,0.1347,,,,,,,,,,,,,,CLAS_EG1b
0.49241,0.0080220732947856,1.2997,,,,-0.08677,0.02683,0.0266,,,,,,,-0.16673,0.05093,0.04185,,-0.40142,0.10334,0.09059,,,,,,,,,,,,,,CLAS_EG1b
0.49255,0.0080220732947856,1.3398,,,,-0.01916,0.02717,0.0109,,,,,,,-0.04565,0.0624,0.02217,,-0.2308,0.1172,0.05734,,,,,,,,,,,,,,CLAS_EG1b
0.49281,0.0080220732947856,1.3798,,,,0.01066,0.02833,0.00574,,,,,,,0.02606,0.06962,0.01383,,-0.15708,0.12225,0.07018,,,,,,,,,,,,,,CLAS_EG1b
0.49284,0.0080220732947856,1.4199,,,,-0.00878,0.03065,0.00919,,,,,,,-0.02039,0.07387,0.02097,,-0.25539,0.12221,0.0951,,,,,,,,,,,,,,CLAS_EG1b
0.49323,0.0080220732947856,1.46,,,,0.04234,0.03257,0.01625,,,,,,,0.09374,0.06942,0.03275,,-0.04129,0.10893,0.11491,,,,,,,,,,,,,,CLAS_EG1b
0.49391,0.0080220732947856,1.5001,,,,-0.00548,0.03446,0.02164,,,,,,,-0.00994,0.06468,0.04141,,-0.14428,0.09718,0.12574,,,,,,,,,,,,,,CLAS_EG1b
0.49416,0.0080220732947856,1.54,,,,-0.0061,0.03922,0.02003,,,,,,,-0.01157,0.07534,0.03794,,-0.12938,0.10871,0.12425,,,,,,,,,,,,,,CLAS_EG1b
0.4934,0.0080220732947856,1.5798,,,,-0.06148,0.0392,0.01468,,,,,,,-0.12119,0.07708,0.02812,,-0.29552,0.10729,0.12048,,,,,,,,,,,,,,CLAS_EG1b
0.49368,0.0080220732947856,1.6198,,,,0.00866,0.04814,0.01739,,,,,,,0.01706,0.09545,0.03291,,-0.09606,0.12871,0.12192,,,,,,,,,,,,,,CLAS_EG1b
0.49442,0.0080220732947856,1.66,,,,-0.0316,0.05201,0.02811,,,,,,,-0.05641,0.09577,0.04858,,-0.14811,0.1254,0.11867,,,,,,,,,,,,,,CLAS_EG1b
0.49439,0.0080220732947856,1.7,,,,-0.04684,0.0526,0.03863,,,,,,,-0.07426,0.08434,0.06307,,-0.15214,0.10775,0.1109,,,,,,,,,,,,,,CLAS_EG1b
0.49437,0.0080220732947856,1.74,,,,-0.09055,0.05234,0.03904,,,,,,,-0.14603,0.08524,0.06301,,-0.21815,0.10653,0.09556,,,,,,,,,,,,,,CLAS_EG1b
0.49477,0.0080220732947856,1.78,,,,-0.05165,0.05202,0.02689,,,,,,,-0.08505,0.08567,0.0433,,-0.13116,0.10495,0.06468,,,,,,,,,,,,,,CLAS_EG1b
0.49526,0.0080220732947856,1.82,,,,-0.08795,0.05208,0.01337,,,,,,,-0.1418,0.08356,0.02025,,-0.18678,0.10057,0.03328,,,,,,,,,,,,,,CLAS_EG1b
0.49576,0.0080220732947856,1.8601,,,,-0.10255,0.05251,0.01061,,,,,,,-0.15831,0.08087,0.01426,,-0.20136,0.0958,0.02059,,,,,,,,,,,,,,CLAS_EG1b
0.49607,0.0080220732947856,1.9,,,,-0.12176,0.05302,0.01112,,,,,,,-0.17797,0.07789,0.01435,,-0.21512,0.09096,0.01715,,,,,,,,,,,,,,CLAS_EG1b
0.49528,0.0080220732947856,1.9397,,,,-0.09554,0.05589,0.01626,,,,,,,-0.1335,0.07816,0.0209,,-0.15188,0.09013,0.02384,,,,,,,,,,,,,,CLAS_EG1b
0.4959,0.0080220732947856,1.9795,,,,-0.08737,0.11184,0.0235,,,,,,,-0.11892,0.14894,0.02949,,-0.12878,0.16987,0.03339,,,,,,,,,,,,,,CLAS_EG1b
0.49595,0.0080220732947856,2.0201,,,,-0.26753,0.12539,0.02714,,,,,,,-0.34156,0.1581,0.03275,,-0.37747,0.1783,0.03634,,,,,,,,,,,,,,CLAS_EG1b
0.49463,0.0080220732947856,2.0599,,,,-0.18052,0.13074,0.02835,,,,,,,-0.21705,0.15714,0.03277,,-0.23421,0.17554,0.03516,,,,,,,,,,,,,,CLAS_EG1b
0.49393,0.0080220732947856,2.0998,,,,-0.06446,0.13757,0.02894,,,,,,,-0.07292,0.15786,0.03274,,-0.07265,0.17483,0.0344,,,,,,,,,,,,,,CLAS_EG1b
0.49414,0.0080220732947856,2.1399,,,,-0.05326,0.14353,0.02975,,,,,,,-0.05321,0.15765,0.03223,,-0.04992,0.17326,0.03358,,,,,,,,,,,,,,CLAS_EG1b
0.49469,0.0080220732947856,2.18,,,,-0.2488,0.14828,0.03345,,,,,,,-0.26082,0.15628,0.03438,,-0.27717,0.17056,0.03586,,,,,,,,,,,,,,CLAS_EG1b
0.49547,0.0080220732947856,2.2201,,,,-0.0102,0.15682,0.03273,,,,,,,-0.00875,0.15911,0.03287,,-0.00231,0.17259,0.03415,,,,,,,,,,,,,,CLAS_EG1b
0.49524,0.0080220732947856,2.2602,,,,-0.20531,0.14772,0.02515,,,,,,,-0.20183,0.14392,0.02402,,-0.21125,0.15511,0.02411,,,,,,,,,,,,,,CLAS_EG1b
0.49514,0.0080220732947856,2.3001,,,,-0.1584,0.12784,0.0232,,,,,,,-0.14661,0.12061,0.02027,,-0.15048,0.12935,0.0198,,,,,,,,,,,,,,CLAS_EG1b
0.49528,0.0080220732947856,2.34,,,,-0.27696,0.12745,0.03055,,,,,,,-0.25254,0.11636,0.02652,,-0.26346,0.1242,0.02699,,,,,,,,,,,,,,CLAS_EG1b
0.49501,0.0080220732947856,2.3801,,,,-0.06414,0.12689,0.03813,,,,,,,-0.05773,0.1123,0.03303,,-0.05574,0.11932,0.03415,,,,,,,,,,,,,,CLAS_EG1b
0.49392,0.0080220732947856,2.42,,,,-0.1136,0.12627,0.03862,,,,,,,-0.09655,0.10853,0.03309,,-0.09651,0.11484,0.03421,,,,,,,,,,,,,,CLAS_EG1b
0.49345,0.0080220732947856,2.4599,,,,-0.05779,0.12885,0.03216,,,,,,,-0.04756,0.10775,0.02682,,-0.04477,0.11359,0.0274,,,,,,,,,,,,,,CLAS_EG1b
0.49398,0.0080220732947856,2.4999,,,,-0.14884,0.13633,0.02588,,,,,,,-0.12032,0.11125,0.02076,,-0.12122,0.11688,0.02077,,,,,,,,,,,,,,CLAS_EG1b
0.49491,0.0080220732947856,2.54,,,,-0.13847,0.14372,0.02531,,,,,,,-0.11024,0.11476,0.01973,,-0.11058,0.12019,0.01964,,,,,,,,,,,,,,CLAS_EG1b
0.49422,0.0080220732947856,2.5794,,,,-0.02623,0.14572,0.02963,,,,,,,-0.02053,0.11426,0.02263,,-0.01681,0.11933,0.02281,,,,,,,,,,,,,,CLAS_EG1b
0.49361,0.0080220732947856,2.6196,,,,-0.35969,0.21777,0.04858,,,,,,,-0.27741,0.16795,0.03653,,-0.28445,0.17491,0.03756,,,,,,,,,,,,,,CLAS_EG1b
0.49398,0.0080220732947856,2.6599,,,,-0.58328,0.29279,0.06348,,,,,,,-0.44423,0.22251,0.04759,,-0.45743,0.23119,0.04914,,,,,,,,,,,,,,CLAS_EG1b
0.49397,0.0080220732947856,2.6999,,,,-0.37255,0.33724,0.05864,,,,,,,-0.2787,0.25237,0.04347,,-0.28475,0.26159,0.04479,,,,,,,,,,,,,,CLAS_EG1b
0.49382,0.0080220732947856,2.7399,,,,-0.44003,0.37355,0.09998,,,,,,,-0.32471,0.27529,0.07241,,-0.33196,0.28474,0.07461,,,,,,,,,,,,,,CLAS_EG1b
0.49466,0.0080220732947856,2.7801,,,,-0.86437,0.33015,0.14812,,,,,,,-0.62458,0.23887,0.10671,,-0.6408,0.24656,0.11001,,,,,,,,,,,,,,CLAS_EG1b
0.49378,0.0080220732947856,2.8199,,,,0.13189,0.31111,0.16792,,,,,,,0.09271,0.22123,0.11915,,0.09904,0.22796,0.12267,,,,,,,,,,,,,,CLAS_EG1b
0.49349,0.0080220732947856,2.8599,,,,0.38679,0.32749,0.22616,,,,,,,0.26857,0.22805,0.15634,,0.27965,0.23457,0.16066,,,,,,,,,,,,,,CLAS_EG1b
0.48545,0.0080220732947856,2.9665,,,,0.70299,0.78285,0.31262,,,,,,,0.45927,0.51128,0.20652,,0.47351,0.52378,0.21169,,,,,,,,,,,,,,CLAS_EG1b
0.58817,0.0080220732947856,1.1402,,,,-0.03188,0.01922,0.01315,,,,,,,-0.18757,0.1093,0.09091,,-0.58243,0.3252,0.20919,,,,,,,,,,,,,,CLAS_EG1b
0.58823,0.0080220732947856,1.1804,,,,-0.10191,0.02252,0.02795,,,,,,,-0.19918,0.04258,0.04756,,-0.47814,0.11409,0.11668,,,,,,,,,,,,,,CLAS_EG1b
0.58852,0.0080220732947856,1.2201,,,,-0.17248,0.02483,0.03597,,,,,,,-0.2217,0.03197,0.05214,,-0.49731,0.0783,0.11959,,,,,,,,,,,,,,CLAS_EG1b
0.58883,0.0080220732947856,1.2599,,,,-0.09893,0.02516,0.03003,,,,,,,-0.16052,0.04136,0.04571,,-0.35755,0.09282,0.09953,,,,,,,,,,,,,,CLAS_EG1b
0.58889,0.0080220732947856,1.2998,,,,-0.02734,0.02467,0.01675,,,,,,,-0.0639,0.05621,0.03213,,-0.19073,0.11612,0.06144,,,,,,,,,,,,,,CLAS_EG1b
0.58922,0.0080220732947856,1.3399,,,,0.00743,0.02507,0.00836,,,,,,,0.01625,0.06788,0.02119,,-0.10917,0.13028,0.05611,,,,,,,,,,,,,,CLAS_EG1b
0.58972,0.0080220732947856,1.38,,,,0.00248,0.02598,0.00594,,,,,,,0.00743,0.07426,0.01659,,-0.18897,0.13355,0.08823,,,,,,,,,,,,,,CLAS_EG1b
0.58976,0.0080220732947856,1.4201,,,,-0.03282,0.02757,0.00628,,,,,,,-0.09324,0.07669,0.01655,,-0.38499,0.13016,0.11845,,,,,,,,,,,,,,CLAS_EG1b
0.58905,0.0080220732947856,1.4601,,,,0.01605,0.02965,0.01548,,,,,,,0.0336,0.07274,0.03433,,-0.14052,0.11721,0.14254,,,,,,,,,,,,,,CLAS_EG1b
0.58853,0.0080220732947856,1.4999,,,,-0.0281,0.03313,0.02623,,,,,,,-0.06026,0.07122,0.0574,,-0.22407,0.10984,0.16409,,,,,,,,,,,,,,CLAS_EG1b
0.59001,0.0080220732947856,1.5399,,,,0.1132,0.04004,0.03011,,,,,,,0.24902,0.08804,0.06657,,0.25253,0.13035,0.17754,,,,,,,,,,,,,,CLAS_EG1b
0.59197,0.0080220732947856,1.5801,,,,-0.02848,0.04284,0.02704,,,,,,,-0.06445,0.09633,0.06036,,-0.22387,0.13757,0.17711,,,,,,,,,,,,,,CLAS_EG1b
0.59246,0.0080220732947856,1.62,,,,-0.01893,0.0444,0.02655,,,,,,,-0.04346,0.09998,0.05769,,-0.18644,0.1382,0.16665,,,,,,,,,,,,,,CLAS_EG1b
0.5926,0.0080220732947856,1.6602,,,,-0.05535,0.04542,0.03535,,,,,,,-0.11013,0.09394,0.06933,,-0.22639,0.12605,0.15301,,,,,,,,,,,,,,CLAS_EG1b
0.59206,0.0080220732947856,1.7001,,,,-0.01117,0.0462,0.04501,,,,,,,-0.02082,0.08287,0.08281,,-0.09083,0.10838,0.14199,,,,,,,,,,,,,,CLAS_EG1b
0.59127,0.0080220732947856,1.7401,,,,-0.05952,0.04595,0.04377,,,,,,,-0.10921,0.0844,0.07977,,-0.18035,0.10785,0.12193,,,,,,,,,,,,,,CLAS_EG1b
0.59017,0.0080220732947856,1.78,,,,-0.00724,0.04564,0.03074,,,,,,,-0.0134,0.08527,0.05661,,-0.04507,0.10667,0.08413,,,,,,,,,,,,,,CLAS_EG1b
0.59007,0.0080220732947856,1.82,,,,0.0261,0.04608,0.01792,,,,,,,0.04739,0.08409,0.03279,,0.04134,0.10322,0.04898,,,,,,,,,,,,,,CLAS_EG1b
0.59012,0.0080220732947856,1.86,,,,-0.06123,0.047,0.01387,,,,,,,-0.10935,0.08236,0.02363,,-0.14842,0.0994,0.03305,,,,,,,,,,,,,,CLAS_EG1b
0.58957,0.0080220732947856,1.8999,,,,-0.1139,0.04843,0.01347,,,,,,,-0.1909,0.08088,0.02085,,-0.2372,0.09613,0.02663,,,,,,,,,,,,,,CLAS_EG1b
0.58652,0.0080220732947856,1.9384,,,,-0.13354,0.07036,0.02425,,,,,,,-0.21252,0.11235,0.03667,,-0.25003,0.13187,0.04287,,,,,,,,,,,,,,CLAS_EG1b
0.58843,0.0080220732947856,1.9798,,,,0.04893,0.11357,0.03371,,,,,,,0.07622,0.17037,0.05051,,0.09521,0.19719,0.0582,,,,,,,,,,,,,,CLAS_EG1b
0.58935,0.0080220732947856,2.0198,,,,-0.00976,0.11714,0.0309,,,,,,,-0.01238,0.16659,0.04482,,-0.00644,0.19068,0.05081,,,,,,,,,,,,,,CLAS_EG1b
0.59033,0.0080220732947856,2.06,,,,-0.15702,0.12178,0.02319,,,,,,,-0.20611,0.16448,0.03007,,-0.22504,0.18635,0.03216,,,,,,,,,,,,,,CLAS_EG1b
0.59112,0.0080220732947856,2.1001,,,,-0.30549,0.12001,0.02368,,,,,,,-0.39272,0.1543,0.02787,,-0.43379,0.17319,0.02854,,,,,,,,,,,,,,CLAS_EG1b
0.59215,0.0080220732947856,2.1402,,,,-0.16535,0.11443,0.02597,,,,,,,-0.20275,0.1406,0.03023,,-0.2188,0.15651,0.0312,,,,,,,,,,,,,,CLAS_EG1b
0.59246,0.0080220732947856,2.1802,,,,-0.17243,0.1113,0.02625,,,,,,,-0.2025,0.13101,0.02927,,-0.21698,0.14472,0.03003,,,,,,,,,,,,,,CLAS_EG1b
0.59174,0.0080220732947856,2.2201,,,,-0.34733,0.10924,0.0252,,,,,,,-0.39286,0.1235,0.02637,,-0.42449,0.13545,0.02661,,,,,,,,,,,,,,CLAS_EG1b
0.59068,0.0080220732947856,2.26,,,,-0.14053,0.1087,0.02298,,,,,,,-0.15177,0.11831,0.02347,,-0.15894,0.12891,0.02318,,,,,,,,,,,,,,CLAS_EG1b
0.59041,0.0080220732947856,2.2999,,,,-0.04001,0.1093,0.0235,,,,,,,-0.04239,0.11476,0.0235,,-0.03998,0.1243,0.02324,,,,,,,,,,,,,,CLAS_EG1b
0.58979,0.0080220732947856,2.3399,,,,-0.30746,0.11079,0.02594,,,,,,,-0.31217,0.11246,0.02505,,-0.3305,0.12114,0.02516,,,,,,,,,,,,,,CLAS_EG1b
0.59026,0.0080220732947856,2.38,,,,-0.11066,0.11193,0.03061,,,,,,,-0.10906,0.11002,0.02927,,-0.11135,0.11794,0.02995,,,,,,,,,,,,,,CLAS_EG1b
0.59152,0.0080220732947856,2.42,,,,0.0174,0.11195,0.03316,,,,,,,0.01727,0.10676,0.03155,,0.02395,0.11393,0.0325,,,,,,,,,,,,,,CLAS_EG1b
0.59153,0.0080220732947856,2.4601,,,,-0.11271,0.11104,0.03205,,,,,,,-0.10351,0.10293,0.02957,,-0.10463,0.10939,0.03032,,,,,,,,,,,,,,CLAS_EG1b
0.5913,0.0080220732947856,2.5001,,,,-0.06619,0.11138,0.03092,,,,,,,-0.06005,0.10069,0.02751,,-0.05856,0.10659,0.02808,,,,,,,,,,,,,,CLAS_EG1b
0.59168,0.0080220732947856,2.5402,,,,-0.27538,0.11012,0.02796,,,,,,,-0.24364,0.09741,0.02401,,-0.25213,0.10275,0.02429,,,,,,,,,,,,,,CLAS_EG1b
0.58693,0.0080220732947856,2.5762,,,,-0.14254,0.13956,0.03527,,,,,,,-0.12408,0.12145,0.02978,,-0.12576,0.12771,0.03045,,,,,,,,,,,,,,CLAS_EG1b
0.58943,0.0080220732947856,2.62,,,,-0.17036,0.21793,0.04683,,,,,,,-0.1464,0.18634,0.0395,,-0.14903,0.19532,0.04076,,,,,,,,,,,,,,CLAS_EG1b
0.58939,0.0080220732947856,2.6599,,,,-0.08756,0.28191,0.05293,,,,,,,-0.07476,0.23747,0.04401,,-0.07391,0.24818,0.04547,,,,,,,,,,,,,,CLAS_EG1b
0.58992,0.0080220732947856,2.7,,,,-0.47558,0.30744,0.0652,,,,,,,-0.39506,0.25542,0.05336,,-0.40753,0.26626,0.05523,,,,,,,,,,,,,,CLAS_EG1b
0.58955,0.0080220732947856,2.74,,,,-0.55764,0.34032,0.09338,,,,,,,-0.45791,0.27879,0.0757,,-0.47224,0.28992,0.07842,,,,,,,,,,,,,,CLAS_EG1b
0.58823,0.0080220732947856,2.7797,,,,0.13389,0.30427,0.1264,,,,,,,0.10637,0.24528,0.10134,,0.11411,0.25445,0.1049,,,,,,,,,,,,,,CLAS_EG1b
0.58912,0.0080220732947856,2.8199,,,,0.2142,0.30311,0.15083,,,,,,,0.1682,0.24034,0.11918,,0.17779,0.24883,0.1232,,,,,,,,,,,,,,CLAS_EG1b
0.58989,0.0080220732947856,2.86,,,,0.32218,0.26733,0.14239,,,,,,,0.25183,0.20741,0.11121,,0.26401,0.21429,0.11484,,,,,,,,,,,,,,CLAS_EG1b
0.59054,0.0080220732947856,2.9002,,,,-0.46587,0.19842,0.09574,,,,,,,-0.35506,0.15093,0.07373,,-0.3628,0.15569,0.076,,,,,,,,,,,,,,CLAS_EG1b
0.58618,0.0080220732947856,2.9379,,,,-0.16555,0.21449,0.25209,,,,,,,-0.12192,0.15953,0.1845,,-0.1221,0.16427,0.18947,,,,,,,,,,,,,,CLAS_EG1b
0.70466,0.0080220732947856,1.1403,,,,-0.02567,0.01677,0.01054,,,,,,,-0.27645,0.1194,0.08846,,-0.82349,0.34705,0.23624,,,,,,,,,,,,,,CLAS_EG1b
0.70504,0.0080220732947856,1.1804,,,,-0.05988,0.01949,0.02223,,,,,,,-0.14886,0.0466,0.04966,,-0.3311,0.1234,0.10392,,,,,,,,,,,,,,CLAS_EG1b
0.70551,0.0080220732947856,1.2202,,,,-0.1241,0.02147,0.02817,,,,,,,-0.20055,0.03493,0.051,,-0.43746,0.08529,0.09479,,,,,,,,,,,,,,CLAS_EG1b
0.70601,0.0080220732947856,1.26,,,,-0.03101,0.0219,0.02295,,,,,,,-0.06448,0.04513,0.0438,,-0.1355,0.10173,0.07447,,,,,,,,,,,,,,CLAS_EG1b
0.70555,0.0080220732947856,1.3,,,,-0.00864,0.02206,0.01398,,,,,,,-0.02775,0.06196,0.03624,,-0.11013,0.12936,0.04819,,,,,,,,,,,,,,CLAS_EG1b
0.70446,0.0080220732947856,1.3399,,,,-0.01342,0.02347,0.01126,,,,,,,-0.04328,0.07677,0.03593,,-0.22761,0.14963,0.07365,,,,,,,,,,,,,,CLAS_EG1b
0.70392,0.0080220732947856,1.38,,,,-0.02252,0.02623,0.0109,,,,,,,-0.07662,0.08927,0.0365,,-0.33857,0.16358,0.12492,,,,,,,,,,,,,,CLAS_EG1b
0.70412,0.0080220732947856,1.4201,,,,0.01975,0.03097,0.0132,,,,,,,0.06338,0.10182,0.04113,,-0.11296,0.17656,0.17324,,,,,,,,,,,,,,CLAS_EG1b
0.70409,0.0080220732947856,1.4602,,,,-0.0498,0.03482,0.02424,,,,,,,-0.14413,0.1001,0.06473,,-0.42803,0.16485,0.20861,,,,,,,,,,,,,,CLAS_EG1b
0.70387,0.0080220732947856,1.5001,,,,0.07169,0.03573,0.03478,,,,,,,0.17969,0.08963,0.08897,,0.15379,0.14133,0.22614,,,,,,,,,,,,,,CLAS_EG1b
0.70354,0.0080220732947856,1.5401,,,,-0.00343,0.03606,0.03634,,,,,,,-0.00838,0.09239,0.09304,,-0.13131,0.13994,0.22654,,,,,,,,,,,,,,CLAS_EG1b
0.70264,0.0080220732947856,1.5799,,,,0.01717,0.03711,0.03249,,,,,,,0.04464,0.09707,0.08443,,-0.06942,0.14179,0.2187,,,,,,,,,,,,,,CLAS_EG1b
0.70298,0.0080220732947856,1.62,,,,0.0323,0.03858,0.03266,,,,,,,0.08336,0.10025,0.08264,,-0.00986,0.1417,0.20547,,,,,,,,,,,,,,CLAS_EG1b
0.70322,0.0080220732947856,1.66,,,,-0.00415,0.03986,0.04053,,,,,,,-0.0169,0.09388,0.0918,,-0.10645,0.12876,0.18749,,,,,,,,,,,,,,CLAS_EG1b
0.70334,0.0080220732947856,1.7,,,,-0.00433,0.04061,0.04851,,,,,,,-0.00854,0.08247,0.1019,,-0.07911,0.11021,0.17189,,,,,,,,,,,,,,CLAS_EG1b
0.70322,0.0080220732947856,1.74,,,,-0.0091,0.04094,0.04549,,,,,,,-0.02008,0.08583,0.09461,,-0.0715,0.11201,0.14577,,,,,,,,,,,,,,CLAS_EG1b
0.70322,0.0080220732947856,1.7799,,,,-0.01411,0.04085,0.03173,,,,,,,-0.03016,0.08769,0.06705,,-0.0678,0.11196,0.10039,,,,,,,,,,,,,,CLAS_EG1b
0.70302,0.0080220732947856,1.8198,,,,0.03655,0.04205,0.01953,,,,,,,0.0764,0.08836,0.04094,,0.07794,0.11063,0.06012,,,,,,,,,,,,,,CLAS_EG1b
0.70274,0.0080220732947856,1.8598,,,,-0.10109,0.04631,0.01567,,,,,,,-0.2046,0.09351,0.03073,,-0.26943,0.11502,0.04292,,,,,,,,,,,,,,CLAS_EG1b
0.7025,0.0080220732947856,1.899,,,,-0.07864,0.05933,0.0212,,,,,,,-0.15209,0.11443,0.03915,,-0.1982,0.13865,0.04913,,,,,,,,,,,,,,CLAS_EG1b
0.70689,0.0080220732947856,1.9401,,,,0.07403,0.09469,0.02922,,,,,,,0.13291,0.17195,0.05242,,0.15672,0.20513,0.06263,,,,,,,,,,,,,,CLAS_EG1b
0.7076,0.0080220732947856,1.9801,,,,-0.15875,0.09277,0.03001,,,,,,,-0.27389,0.15901,0.05087,,-0.31829,0.1872,0.05942,,,,,,,,,,,,,,CLAS_EG1b
0.70773,0.0080220732947856,2.0201,,,,-0.14384,0.09033,0.02558,,,,,,,-0.23179,0.14625,0.04006,,-0.2636,0.1701,0.04539,,,,,,,,,,,,,,CLAS_EG1b
0.7067,0.0080220732947856,2.0601,,,,-0.09871,0.08843,0.02148,,,,,,,-0.15557,0.1356,0.03129,,-0.17416,0.15596,0.03371,,,,,,,,,,,,,,CLAS_EG1b
0.7049,0.0080220732947856,2.1,,,,-0.14581,0.08762,0.02169,,,,,,,-0.21158,0.12767,0.02954,,-0.23489,0.14534,0.03066,,,,,,,,,,,,,,CLAS_EG1b
0.70394,0.0080220732947856,2.1399,,,,-0.09764,0.08833,0.02366,,,,,,,-0.13536,0.12269,0.03104,,-0.14685,0.13838,0.03232,,,,,,,,,,,,,,CLAS_EG1b
0.70359,0.0080220732947856,2.1799,,,,-0.27617,0.08992,0.0252,,,,,,,-0.36841,0.11942,0.03167,,-0.40662,0.13356,0.03295,,,,,,,,,,,,,,CLAS_EG1b
0.70425,0.0080220732947856,2.2199,,,,-0.01367,0.09115,0.02669,,,,,,,-0.01776,0.11605,0.03289,,-0.01412,0.12879,0.03429,,,,,,,,,,,,,,CLAS_EG1b
0.70442,0.0080220732947856,2.26,,,,-0.14465,0.09246,0.02657,,,,,,,-0.17758,0.11314,0.03189,,-0.19022,0.12468,0.03305,,,,,,,,,,,,,,CLAS_EG1b
0.7047,0.0080220732947856,2.2999,,,,0.01106,0.09393,0.02662,,,,,,,0.01371,0.11073,0.03071,,0.02064,0.12123,0.03162,,,,,,,,,,,,,,CLAS_EG1b
0.70504,0.0080220732947856,2.3401,,,,-0.17334,0.09375,0.02606,,,,,,,-0.19893,0.10667,0.02872,,-0.21143,0.1161,0.02936,,,,,,,,,,,,,,CLAS_EG1b
0.70484,0.0080220732947856,2.3801,,,,-0.17461,0.09259,0.02478,,,,,,,-0.19341,0.10191,0.02605,,-0.20428,0.11031,0.02632,,,,,,,,,,,,,,CLAS_EG1b
0.70435,0.0080220732947856,2.42,,,,-0.06885,0.09217,0.02632,,,,,,,-0.07246,0.09833,0.02713,,-0.0727,0.10589,0.02762,,,,,,,,,,,,,,CLAS_EG1b
0.70469,0.0080220732947856,2.4601,,,,-0.13878,0.09269,0.0284,,,,,,,-0.14392,0.09604,0.02842,,-0.14926,0.10294,0.02911,,,,,,,,,,,,,,CLAS_EG1b
0.70497,0.0080220732947856,2.5002,,,,-0.20889,0.09258,0.02671,,,,,,,-0.21097,0.09345,0.02587,,-0.22027,0.09974,0.02632,,,,,,,,,,,,,,CLAS_EG1b
0.70142,0.0080220732947856,2.5389,,,,-0.12858,0.0978,0.02299,,,,,,,-0.12655,0.09663,0.02162,,-0.1296,0.10272,0.02148,,,,,,,,,,,,,,CLAS_EG1b
0.70135,0.0080220732947856,2.579,,,,-0.20959,0.1764,0.03365,,,,,,,-0.20373,0.17103,0.03123,,-0.21116,0.18112,0.03198,,,,,,,,,,,,,,CLAS_EG1b
0.70325,0.0080220732947856,2.6199,,,,-0.44941,0.22852,0.05044,,,,,,,-0.42999,0.218,0.04676,,-0.44958,0.23009,0.04868,,,,,,,,,,,,,,CLAS_EG1b
0.70282,0.0080220732947856,2.6599,,,,-0.44834,0.25346,0.06166,,,,,,,-0.4213,0.23833,0.05697,,-0.4387,0.25073,0.05943,,,,,,,,,,,,,,CLAS_EG1b
0.70293,0.0080220732947856,2.6999,,,,-0.09624,0.27418,0.06004,,,,,,,-0.08932,0.25447,0.05532,,-0.08934,0.26693,0.05759,,,,,,,,,,,,,,CLAS_EG1b
0.70416,0.0080220732947856,2.74,,,,-0.20516,0.23102,0.04427,,,,,,,-0.18692,0.21126,0.04033,,-0.19111,0.22095,0.04167,,,,,,,,,,,,,,CLAS_EG1b
0.70601,0.0080220732947856,2.7801,,,,-0.09817,0.17603,0.03519,,,,,,,-0.08922,0.15897,0.0312,,-0.08907,0.16589,0.03185,,,,,,,,,,,,,,CLAS_EG1b
0.70589,0.0080220732947856,2.8201,,,,-0.11311,0.17252,0.03566,,,,,,,-0.10024,0.15335,0.03128,,-0.10032,0.15965,0.03196,,,,,,,,,,,,,,CLAS_EG1b
0.70556,0.0080220732947856,2.8601,,,,-0.33907,0.17157,0.02978,,,,,,,-0.29597,0.14976,0.02538,,-0.30359,0.15557,0.02573,,,,,,,,,,,,,,CLAS_EG1b
0.70486,0.0080220732947856,2.9,,,,-0.17378,0.17388,0.0345,,,,,,,-0.14886,0.14868,0.0288,,-0.15063,0.15413,0.0293,,,,,,,,,,,,,,CLAS_EG1b
0.69089,0.0080220732947856,2.9292,,,,-0.10757,0.28643,0.03945,,,,,,,-0.09062,0.24087,0.03299,,-0.09023,0.2492,0.03379,,,,,,,,,,,,,,CLAS_EG1b
0.83649,0.0080220732947856,1.1402,,,,-0.00242,0.01575,0.00907,,,,,,,-0.00408,0.14678,0.09429,,0.00341,0.41404,0.26938,,,,,,,,,,,,,,CLAS_EG1b
0.83576,0.0080220732947856,1.1803,,,,-0.06468,0.01898,0.01825,,,,,,,-0.19595,0.0594,0.05539,,-0.43756,0.15426,0.10432,,,,,,,,,,,,,,CLAS_EG1b
0.83581,0.0080220732947856,1.2201,,,,-0.07523,0.02208,0.02313,,,,,,,-0.15999,0.04674,0.0547,,-0.3255,0.11291,0.09122,,,,,,,,,,,,,,CLAS_EG1b
0.83684,0.0080220732947856,1.26,,,,-0.07755,0.02428,0.01957,,,,,,,-0.2212,0.06432,0.0496,,-0.47462,0.14446,0.07734,,,,,,,,,,,,,,CLAS_EG1b
0.83782,0.0080220732947856,1.2999,,,,-0.05202,0.02576,0.01391,,,,,,,-0.18841,0.09161,0.04747,,-0.44182,0.19166,0.06935,,,,,,,,,,,,,,CLAS_EG1b
0.83824,0.0080220732947856,1.34,,,,0.03707,0.02641,0.01317,,,,,,,0.15078,0.10714,0.05239,,0.15824,0.21017,0.10778,,,,,,,,,,,,,,CLAS_EG1b
0.83841,0.0080220732947856,1.38,,,,0.01676,0.02755,0.01333,,,,,,,0.06967,0.1143,0.05436,,-0.06226,0.21163,0.15853,,,,,,,,,,,,,,CLAS_EG1b
0.8388,0.0080220732947856,1.4201,,,,0.01186,0.02872,0.01459,,,,,,,0.05037,0.11379,0.05581,,-0.12268,0.19992,0.19889,,,,,,,,,,,,,,CLAS_EG1b
0.83894,0.0080220732947856,1.4602,,,,0.00035,0.0303,0.02243,,,,,,,0.00377,0.10434,0.07282,,-0.18041,0.17472,0.22341,,,,,,,,,,,,,,CLAS_EG1b
0.83911,0.0080220732947856,1.5001,,,,0.03755,0.03107,0.03128,,,,,,,0.11179,0.09264,0.09565,,0.05106,0.14875,0.23573,,,,,,,,,,,,,,CLAS_EG1b
0.83884,0.0080220732947856,1.54,,,,0.0815,0.03124,0.03316,,,,,,,0.24795,0.09503,0.1012,,0.2645,0.14677,0.23688,,,,,,,,,,,,,,CLAS_EG1b
0.83927,0.0080220732947856,1.5801,,,,-0.00329,0.0321,0.02997,,,,,,,-0.0103,0.09943,0.09227,,-0.14978,0.1482,0.22825,,,,,,,,,,,,,,CLAS_EG1b
0.83932,0.0080220732947856,1.62,,,,0.04712,0.03328,0.03052,,,,,,,0.14323,0.10137,0.09035,,0.07935,0.14628,0.21394,,,,,,,,,,,,,,CLAS_EG1b
0.83977,0.0080220732947856,1.6601,,,,0.00717,0.03486,0.0391,,,,,,,0.02684,0.0947,0.10223,,-0.04141,0.13261,0.19904,,,,,,,,,,,,,,CLAS_EG1b
0.84004,0.0080220732947856,1.7,,,,0.03121,0.03602,0.04724,,,,,,,0.0693,0.08386,0.11418,,0.02423,0.11441,0.18787,,,,,,,,,,,,,,CLAS_EG1b
0.83954,0.0080220732947856,1.74,,,,-0.04462,0.03795,0.04405,,,,,,,-0.1109,0.09191,0.10545,,-0.19525,0.12243,0.16121,,,,,,,,,,,,,,CLAS_EG1b
0.84045,0.0080220732947856,1.7799,,,,-0.05819,0.04134,0.03083,,,,,,,-0.14534,0.10328,0.07502,,-0.21986,0.13456,0.11125,,,,,,,,,,,,,,CLAS_EG1b
0.84228,0.0080220732947856,1.82,,,,-0.01559,0.04545,0.02022,,,,,,,-0.03922,0.11135,0.04874,,-0.06851,0.14218,0.06949,,,,,,,,,,,,,,CLAS_EG1b
0.84033,0.0080220732947856,1.8596,,,,-0.10905,0.05183,0.01844,,,,,,,-0.25656,0.12209,0.04176,,-0.3407,0.15309,0.05682,,,,,,,,,,,,,,CLAS_EG1b
0.84153,0.0080220732947856,1.9,,,,-0.09554,0.07019,0.01984,,,,,,,-0.21199,0.1568,0.04177,,-0.27656,0.19325,0.05453,,,,,,,,,,,,,,CLAS_EG1b
0.8407,0.0080220732947856,1.94,,,,-0.19092,0.07174,0.02295,,,,,,,-0.4006,0.15111,0.04544,,-0.48913,0.18336,0.05554,,,,,,,,,,,,,,CLAS_EG1b
0.83923,0.0080220732947856,1.9799,,,,-0.08437,0.07289,0.02732,,,,,,,-0.16464,0.14443,0.05226,,-0.19363,0.17279,0.06147,,,,,,,,,,,,,,CLAS_EG1b
0.83807,0.0080220732947856,2.0199,,,,0.0302,0.07411,0.02912,,,,,,,0.05094,0.13825,0.05378,,0.0626,0.16327,0.0624,,,,,,,,,,,,,,CLAS_EG1b
0.83824,0.0080220732947856,2.0599,,,,-0.13141,0.07569,0.02617,,,,,,,-0.22936,0.13329,0.04511,,-0.26317,0.15557,0.05123,,,,,,,,,,,,,,CLAS_EG1b
0.83937,0.0080220732947856,2.1,,,,-0.20176,0.07708,0.02415,,,,,,,-0.33364,0.12858,0.03777,,-0.38033,0.14849,0.04154,,,,,,,,,,,,,,CLAS_EG1b
0.84023,0.0080220732947856,2.14,,,,-0.19055,0.07822,0.02906,,,,,,,-0.30209,0.12406,0.04424,,-0.34095,0.14187,0.04864,,,,,,,,,,,,,,CLAS_EG1b
0.8406,0.0080220732947856,2.18,,,,0.12733,0.07867,0.03288,,,,,,,0.19117,0.11902,0.04967,,0.22094,0.13488,0.05468,,,,,,,,,,,,,,CLAS_EG1b
0.84127,0.0080220732947856,2.22,,,,-0.02281,0.07906,0.03119,,,,,,,-0.03381,0.11445,0.04511,,-0.03345,0.12863,0.04911,,,,,,,,,,,,,,CLAS_EG1b
0.84178,0.0080220732947856,2.26,,,,-0.14704,0.07915,0.03132,,,,,,,-0.20589,0.10992,0.04262,,-0.22521,0.1226,0.04589,,,,,,,,,,,,,,CLAS_EG1b
0.84092,0.0080220732947856,2.3,,,,0.07644,0.07891,0.03123,,,,,,,0.10303,0.1054,0.04161,,0.11907,0.11672,0.04461,,,,,,,,,,,,,,CLAS_EG1b
0.84018,0.0080220732947856,2.34,,,,-0.13333,0.07931,0.02525,,,,,,,-0.17185,0.10212,0.03193,,-0.18429,0.11235,0.03341,,,,,,,,,,,,,,CLAS_EG1b
0.84115,0.0080220732947856,2.38,,,,-0.21289,0.07969,0.02328,,,,,,,-0.26532,0.09912,0.02703,,-0.28546,0.1084,0.02753,,,,,,,,,,,,,,CLAS_EG1b
0.84176,0.0080220732947856,2.4201,,,,-0.02541,0.07996,0.02493,,,,,,,-0.03161,0.09627,0.02882,,-0.02982,0.10469,0.02967,,,,,,,,,,,,,,CLAS_EG1b
0.84139,0.0080220732947856,2.4601,,,,-0.20945,0.08046,0.02498,,,,,,,-0.24582,0.09396,0.02802,,-0.2615,0.10166,0.02875,,,,,,,,,,,,,,CLAS_EG1b
0.84056,0.0080220732947856,2.5,,,,-0.03157,0.0816,0.02852,,,,,,,-0.03629,0.09274,0.03131,,-0.03452,0.09986,0.0324,,,,,,,,,,,,,,CLAS_EG1b
0.83084,0.0080220732947856,2.5363,,,,-0.29487,0.1216,0.02872,,,,,,,-0.32856,0.13537,0.03071,,-0.34766,0.1451,0.03165,,,,,,,,,,,,,,CLAS_EG1b
0.84244,0.0080220732947856,2.58,,,,-0.20709,0.16389,0.03079,,,,,,,-0.22598,0.17858,0.03212,,-0.23685,0.19069,0.03298,,,,,,,,,,,,,,CLAS_EG1b
0.84424,0.0080220732947856,2.6201,,,,0.0025,0.14808,0.0443,,,,,,,0.00177,0.15863,0.04673,,0.00612,0.16873,0.0488,,,,,,,,,,,,,,CLAS_EG1b
0.84612,0.0080220732947856,2.6602,,,,-0.08494,0.14046,0.05387,,,,,,,-0.09031,0.14839,0.05662,,-0.09147,0.15731,0.05936,,,,,,,,,,,,,,CLAS_EG1b
0.84618,0.0080220732947856,2.7002,,,,-0.01214,0.13519,0.04962,,,,,,,-0.01342,0.14102,0.05157,,-0.01004,0.149,0.05387,,,,,,,,,,,,,,CLAS_EG1b
0.84435,0.0080220732947856,2.7401,,,,-0.18424,0.13192,0.04361,,,,,,,-0.19026,0.1359,0.04416,,-0.19623,0.14314,0.04583,,,,,,,,,,,,,,CLAS_EG1b
0.8429,0.0080220732947856,2.78,,,,-0.31638,0.13046,0.04773,,,,,,,-0.32152,0.13265,0.04766,,-0.33344,0.13931,0.04948,,,,,,,,,,,,,,CLAS_EG1b
0.84178,0.0080220732947856,2.82,,,,-0.06759,0.13144,0.04376,,,,,,,-0.0677,0.13168,0.04353,,-0.06683,0.13792,0.0451,,,,,,,,,,,,,,CLAS_EG1b
0.84303,0.0080220732947856,2.8601,,,,-0.20933,0.13158,0.0453,,,,,,,-0.20545,0.12958,0.04405,,-0.21059,0.13538,0.04551,,,,,,,,,,,,,,CLAS_EG1b
0.83497,0.0080220732947856,2.8967,,,,0.08559,0.1482,0.09835,,,,,,,0.0839,0.14336,0.09392,,0.09156,0.14942,0.09745,,,,,,,,,,,,,,CLAS_EG1b
0.99953,0.0080220732947856,1.1403,,,,-0.01457,0.01824,0.00767,,,,,,,-0.11486,0.22189,0.11191,,-0.27181,0.60061,0.32822,,,,,,,,,,,,,,CLAS_EG1b
0.99961,0.0080220732947856,1.1803,,,,-0.06254,0.02019,0.0173,,,,,,,-0.26736,0.08404,0.06577,,-0.59848,0.21165,0.132,,,,,,,,,,,,,,CLAS_EG1b
1.0001,0.0080220732947856,1.2202,,,,0.0114,0.02161,0.02312,,,,,,,0.03377,0.06154,0.07277,,0.14126,0.14541,0.14105,,,,,,,,,,,,,,CLAS_EG1b
1.0006,0.0080220732947856,1.2601,,,,-0.02561,0.02169,0.01983,,,,,,,-0.09572,0.07686,0.06562,,-0.19065,0.17023,0.1227,,,,,,,,,,,,,,CLAS_EG1b
1.0013,0.0080220732947856,1.3,,,,0.00401,0.02169,0.01177,,,,,,,0.03016,0.1009,0.04827,,0.01124,0.20973,0.07878,,,,,,,,,,,,,,CLAS_EG1b
1.0019,0.0080220732947856,1.3401,,,,0.00633,0.02211,0.00824,,,,,,,0.03292,0.11455,0.04162,,-0.06512,0.22464,0.08844,,,,,,,,,,,,,,CLAS_EG1b
1.0022,0.0080220732947856,1.3801,,,,0.04748,0.02318,0.00872,,,,,,,0.24854,0.12074,0.04477,,0.27921,0.22455,0.13553,,,,,,,,,,,,,,CLAS_EG1b
1.0025,0.0080220732947856,1.4202,,,,0.01543,0.02425,0.00978,,,,,,,0.0716,0.11926,0.04669,,-0.08454,0.21125,0.17063,,,,,,,,,,,,,,CLAS_EG1b
1.0023,0.0080220732947856,1.4601,,,,0.02526,0.02586,0.0149,,,,,,,0.10507,0.10957,0.05941,,-0.00986,0.18554,0.19058,,,,,,,,,,,,,,CLAS_EG1b
1.0022,0.0080220732947856,1.5001,,,,0.03444,0.02698,0.02084,,,,,,,0.12497,0.09791,0.07771,,0.07421,0.15934,0.20042,,,,,,,,,,,,,,CLAS_EG1b
1.0023,0.0080220732947856,1.5401,,,,0.03884,0.02731,0.02237,,,,,,,0.14389,0.1009,0.08291,,0.10622,0.15822,0.20248,,,,,,,,,,,,,,CLAS_EG1b
1.0015,0.0080220732947856,1.5801,,,,-0.0039,0.02833,0.02105,,,,,,,-0.01444,0.10624,0.07793,,-0.15315,0.16097,0.19809,,,,,,,,,,,,,,CLAS_EG1b
1.0006,0.0080220732947856,1.6201,,,,-0.03686,0.03065,0.0238,,,,,,,-0.13053,0.11167,0.08235,,-0.3118,0.16393,0.19049,,,,,,,,,,,,,,CLAS_EG1b
1.0006,0.0080220732947856,1.66,,,,-0.05357,0.03387,0.03618,,,,,,,-0.17565,0.10818,0.10797,,-0.32763,0.1542,0.1941,,,,,,,,,,,,,,CLAS_EG1b
1.0014,0.0080220732947856,1.7,,,,0.00346,0.03679,0.04792,,,,,,,0.00598,0.09976,0.13452,,-0.06047,0.13858,0.20748,,,,,,,,,,,,,,CLAS_EG1b
1.001,0.0080220732947856,1.74,,,,-0.00838,0.03834,0.04755,,,,,,,-0.02456,0.10918,0.1344,,-0.08236,0.14807,0.19523,,,,,,,,,,,,,,CLAS_EG1b
1.0007,0.0080220732947856,1.78,,,,0.03178,0.05023,0.03728,,,,,,,0.09417,0.14847,0.10858,,0.09716,0.19692,0.15137,,,,,,,,,,,,,,CLAS_EG1b
0.99784,0.0080220732947856,1.8195,,,,0.03738,0.05434,0.02953,,,,,,,0.10758,0.15777,0.08604,,0.12222,0.20492,0.11443,,,,,,,,,,,,,,CLAS_EG1b
1.0006,0.0080220732947856,1.8599,,,,0.02212,0.06063,0.02802,,,,,,,0.06489,0.16886,0.07828,,0.06403,0.21531,0.1016,,,,,,,,,,,,,,CLAS_EG1b
1.0018,0.0080220732947856,1.8999,,,,-0.0459,0.06282,0.02711,,,,,,,-0.12488,0.16573,0.07118,,-0.17627,0.20772,0.09081,,,,,,,,,,,,,,CLAS_EG1b
1.0037,0.0080220732947856,1.94,,,,-0.02798,0.06421,0.02637,,,,,,,-0.07086,0.15927,0.06463,,-0.0936,0.19652,0.07979,,,,,,,,,,,,,,CLAS_EG1b
1.0045,0.0080220732947856,1.98,,,,-0.05039,0.06458,0.02763,,,,,,,-0.11661,0.15011,0.06311,,-0.1412,0.18255,0.07584,,,,,,,,,,,,,,CLAS_EG1b
1.0046,0.0080220732947856,2.0201,,,,-0.06325,0.06434,0.02914,,,,,,,-0.13534,0.14024,0.06273,,-0.16027,0.16828,0.07436,,,,,,,,,,,,,,CLAS_EG1b
1.0053,0.0080220732947856,2.0601,,,,-0.03066,0.06366,0.02752,,,,,,,-0.06397,0.13053,0.05615,,-0.07402,0.15473,0.06569,,,,,,,,,,,,,,CLAS_EG1b
1.0058,0.0080220732947856,2.1001,,,,-0.08956,0.06351,0.02392,,,,,,,-0.17527,0.12301,0.04541,,-0.20333,0.14418,0.05202,,,,,,,,,,,,,,CLAS_EG1b
1.0056,0.0080220732947856,2.1401,,,,-0.1131,0.06312,0.02312,,,,,,,-0.21053,0.11592,0.04069,,-0.24192,0.13445,0.04563,,,,,,,,,,,,,,CLAS_EG1b
1.0044,0.0080220732947856,2.18,,,,-0.06822,0.06316,0.02382,,,,,,,-0.12081,0.1104,0.04036,,-0.1359,0.12681,0.04476,,,,,,,,,,,,,,CLAS_EG1b
1.0036,0.0080220732947856,2.2199,,,,-0.07714,0.06416,0.02207,,,,,,,-0.1271,0.10708,0.03614,,-0.14087,0.1219,0.03945,,,,,,,,,,,,,,CLAS_EG1b
1.0045,0.0080220732947856,2.2599,,,,-0.04109,0.06547,0.02099,,,,,,,-0.0654,0.1046,0.03265,,-0.07013,0.11812,0.03501,,,,,,,,,,,,,,CLAS_EG1b
1.0052,0.0080220732947856,2.3001,,,,-0.08038,0.06596,0.02074,,,,,,,-0.12322,0.10117,0.03079,,-0.13424,0.11338,0.03267,,,,,,,,,,,,,,CLAS_EG1b
1.0049,0.0080220732947856,2.3401,,,,-0.13578,0.06602,0.02087,,,,,,,-0.19977,0.09744,0.0294,,-0.21822,0.10843,0.03085,,,,,,,,,,,,,,CLAS_EG1b
1.0048,0.0080220732947856,2.3801,,,,-0.05357,0.06636,0.02396,,,,,,,-0.07564,0.09444,0.033,,-0.07945,0.10441,0.03492,,,,,,,,,,,,,,CLAS_EG1b
1.0053,0.0080220732947856,2.4201,,,,-0.10635,0.06681,0.02634,,,,,,,-0.14634,0.09188,0.03557,,-0.15672,0.10097,0.03776,,,,,,,,,,,,,,CLAS_EG1b
1.0055,0.0080220732947856,2.4601,,,,-0.01132,0.06755,0.02718,,,,,,,-0.01518,0.08997,0.03596,,-0.01246,0.09832,0.038,,,,,,,,,,,,,,CLAS_EG1b
0.995,0.0080220732947856,2.497,,,,0.01833,0.08444,0.03472,,,,,,,0.0244,0.10953,0.04472,,0.03077,0.11905,0.0475,,,,,,,,,,,,,,CLAS_EG1b
1.0072,0.0080220732947856,2.5401,,,,0.04326,0.10832,0.04139,,,,,,,0.05486,0.13683,0.05231,,0.06359,0.14805,0.05569,,,,,,,,,,,,,,CLAS_EG1b
1.0057,0.0080220732947856,2.5801,,,,-0.09369,0.10656,0.04559,,,,,,,-0.11629,0.1319,0.05632,,-0.12112,0.14205,0.05984,,,,,,,,,,,,,,CLAS_EG1b
1.004,0.0080220732947856,2.62,,,,0.12079,0.10561,0.05269,,,,,,,0.14759,0.12852,0.0642,,0.16264,0.13783,0.06818,,,,,,,,,,,,,,CLAS_EG1b
1.0022,0.0080220732947856,2.6599,,,,0.05818,0.10683,0.0508,,,,,,,0.06985,0.12813,0.06136,,0.07882,0.13686,0.06498,,,,,,,,,,,,,,CLAS_EG1b
1.0023,0.0080220732947856,2.6999,,,,-0.03075,0.10798,0.04035,,,,,,,-0.03634,0.12786,0.04787,,-0.03448,0.13608,0.05025,,,,,,,,,,,,,,CLAS_EG1b
1.0024,0.0080220732947856,2.7399,,,,-0.0449,0.1087,0.03843,,,,,,,-0.05242,0.12714,0.04434,,-0.05143,0.13485,0.04627,,,,,,,,,,,,,,CLAS_EG1b
1.0049,0.0080220732947856,2.7801,,,,-0.40815,0.10853,0.04517,,,,,,,-0.47118,0.12533,0.0513,,-0.49408,0.13252,0.05362,,,,,,,,,,,,,,CLAS_EG1b
1.0075,0.0080220732947856,2.8204,,,,0.0398,0.10567,0.04879,,,,,,,0.04508,0.12029,0.05521,,0.05153,0.12682,0.05771,,,,,,,,,,,,,,CLAS_EG1b
1.0041,0.0080220732947856,2.8594,,,,0.03184,0.10572,0.05344,,,,,,,0.03533,0.11844,0.05954,,0.04105,0.12452,0.06213,,,,,,,,,,,,,,CLAS_EG1b
0.95531,0.0080220732947856,2.8863,,,,-0.44762,0.27317,0.05312,,,,,,,-0.49537,0.30211,0.05839,,-0.51524,0.3165,0.06092,,,,,,,,,,,,,,CLAS_EG1b
1.193,0.0080220732947856,1.1403,,,,-0.00827,0.01519,0.0066,,,,,,,-0.19727,0.25202,0.13104,,-0.46391,0.65103,0.36113,,,,,,,,,,,,,,CLAS_EG1b
1.1931,0.0080220732947856,1.1804,,,,-0.0514,0.01678,0.01556,,,,,,,-0.30858,0.09549,0.0777,,-0.67157,0.23177,0.15209,,,,,,,,,,,,,,CLAS_EG1b
1.1932,0.0080220732947856,1.2203,,,,-0.06743,0.01786,0.02147,,,,,,,-0.25902,0.0694,0.0919,,-0.53641,0.1593,0.18248,,,,,,,,,,,,,,CLAS_EG1b
1.1936,0.0080220732947856,1.2601,,,,-0.02324,0.01813,0.0189,,,,,,,-0.12036,0.08684,0.08499,,-0.23366,0.18838,0.16576,,,,,,,,,,,,,,CLAS_EG1b
1.194,0.0080220732947856,1.3001,,,,0.0065,0.01841,0.01107,,,,,,,0.04349,0.11363,0.05921,,0.04946,0.23294,0.10518,,,,,,,,,,,,,,CLAS_EG1b
1.1942,0.0080220732947856,1.3401,,,,-0.00932,0.01894,0.00593,,,,,,,-0.06333,0.12743,0.03855,,-0.24185,0.24798,0.07833,,,,,,,,,,,,,,CLAS_EG1b
1.1943,0.0080220732947856,1.3801,,,,-0.0225,0.02017,0.0056,,,,,,,-0.15119,0.13422,0.03654,,-0.46031,0.24897,0.11055,,,,,,,,,,,,,,CLAS_EG1b
1.1934,0.0080220732947856,1.4201,,,,0.03399,0.0217,0.00647,,,,,,,0.21328,0.13476,0.03914,,0.17913,0.23911,0.13893,,,,,,,,,,,,,,CLAS_EG1b
1.1931,0.0080220732947856,1.4602,,,,-0.01919,0.02384,0.00916,,,,,,,-0.10368,0.1262,0.04585,,-0.36729,0.21476,0.15204,,,,,,,,,,,,,,CLAS_EG1b
1.193,0.0080220732947856,1.5001,,,,0.04532,0.02573,0.01273,,,,,,,0.20224,0.11526,0.05881,,0.19826,0.18905,0.15893,,,,,,,,,,,,,,CLAS_EG1b
1.1937,0.0080220732947856,1.5401,,,,0.03954,0.02744,0.01399,,,,,,,0.18038,0.12482,0.0641,,0.16683,0.1977,0.1618,,,,,,,,,,,,,,CLAS_EG1b
1.1944,0.0080220732947856,1.5801,,,,-0.02471,0.02867,0.01383,,,,,,,-0.11362,0.13177,0.06228,,-0.30414,0.20197,0.15939,,,,,,,,,,,,,,CLAS_EG1b
1.195,0.0080220732947856,1.6201,,,,-0.01935,0.03006,0.01856,,,,,,,-0.07871,0.13227,0.07644,,-0.22953,0.19668,0.16236,,,,,,,,,,,,,,CLAS_EG1b
1.1955,0.0080220732947856,1.6601,,,,0.08048,0.03213,0.03199,,,,,,,0.30302,0.12151,0.11296,,0.36862,0.17565,0.18719,,,,,,,,,,,,,,CLAS_EG1b
1.1948,0.0080220732947856,1.7,,,,0.0308,0.04096,0.04464,,,,,,,0.10113,0.13055,0.14865,,0.07773,0.18409,0.22142,,,,,,,,,,,,,,CLAS_EG1b
1.1942,0.0080220732947856,1.74,,,,0.04076,0.04432,0.04508,,,,,,,0.1337,0.14961,0.15086,,0.13868,0.20608,0.21597,,,,,,,,,,,,,,CLAS_EG1b
1.1959,0.0080220732947856,1.7798,,,,-0.06612,0.04493,0.03422,,,,,,,-0.23371,0.1586,0.1173,,-0.34069,0.21368,0.16225,,,,,,,,,,,,,,CLAS_EG1b
1.2,0.0080220732947856,1.8201,,,,-0.00496,0.04972,0.02659,,,,,,,-0.01655,0.17249,0.09081,,-0.03599,0.22771,0.11987,,,,,,,,,,,,,,CLAS_EG1b
1.2007,0.0080220732947856,1.8601,,,,-0.04353,0.04937,0.02642,,,,,,,-0.14753,0.16405,0.0865,,-0.21239,0.21256,0.11239,,,,,,,,,,,,,,CLAS_EG1b
1.2005,0.0080220732947856,1.9001,,,,-0.06742,0.0493,0.02586,,,,,,,-0.21367,0.15483,0.07973,,-0.29292,0.19718,0.10227,,,,,,,,,,,,,,CLAS_EG1b
1.1997,0.0080220732947856,1.9401,,,,-0.08731,0.04951,0.02697,,,,,,,-0.25606,0.14572,0.07768,,-0.32797,0.18263,0.09716,,,,,,,,,,,,,,CLAS_EG1b
1.1984,0.0080220732947856,1.9801,,,,0.02732,0.04997,0.029,,,,,,,0.07447,0.13731,0.07927,,0.09039,0.16954,0.09738,,,,,,,,,,,,,,CLAS_EG1b
1.1967,0.0080220732947856,2.02,,,,-0.06041,0.05026,0.02864,,,,,,,-0.15344,0.12903,0.07347,,-0.18706,0.15714,0.08919,,,,,,,,,,,,,,CLAS_EG1b
1.1956,0.0080220732947856,2.06,,,,-0.06302,0.05046,0.02613,,,,,,,-0.15481,0.12145,0.06221,,-0.1867,0.14605,0.0745,,,,,,,,,,,,,,CLAS_EG1b
1.1952,0.0080220732947856,2.1,,,,-0.07199,0.05121,0.02189,,,,,,,-0.16481,0.11607,0.04854,,-0.19544,0.13795,0.05732,,,,,,,,,,,,,,CLAS_EG1b
1.1956,0.0080220732947856,2.14,,,,-0.12385,0.05239,0.01884,,,,,,,-0.26446,0.11229,0.03807,,-0.30933,0.13202,0.04397,,,,,,,,,,,,,,CLAS_EG1b
1.1963,0.0080220732947856,2.18,,,,-0.08432,0.05356,0.02055,,,,,,,-0.17114,0.10895,0.04006,,-0.1973,0.12682,0.04563,,,,,,,,,,,,,,CLAS_EG1b
1.1984,0.0080220732947856,2.2201,,,,0.01254,0.05433,0.02199,,,,,,,0.02609,0.10526,0.04201,,0.03268,0.12139,0.04749,,,,,,,,,,,,,,CLAS_EG1b
1.1994,0.0080220732947856,2.2601,,,,-0.1076,0.05471,0.02002,,,,,,,-0.20026,0.10128,0.03617,,-0.22666,0.1158,0.04024,,,,,,,,,,,,,,CLAS_EG1b
1.1996,0.0080220732947856,2.3001,,,,-0.08345,0.05511,0.02009,,,,,,,-0.14771,0.09774,0.03414,,-0.16466,0.11086,0.03735,,,,,,,,,,,,,,CLAS_EG1b
1.199,0.0080220732947856,2.3401,,,,-0.02658,0.05578,0.02226,,,,,,,-0.04562,0.09499,0.03709,,-0.04839,0.10694,0.04053,,,,,,,,,,,,,,CLAS_EG1b
1.1974,0.0080220732947856,2.38,,,,-0.09061,0.05672,0.0237,,,,,,,-0.14996,0.09299,0.03809,,-0.1647,0.10395,0.04139,,,,,,,,,,,,,,CLAS_EG1b
1.1911,0.0080220732947856,2.4196,,,,-0.00765,0.06026,0.03018,,,,,,,-0.01212,0.09533,0.04706,,-0.01008,0.10585,0.05121,,,,,,,,,,,,,,CLAS_EG1b
1.1819,0.0080220732947856,2.4581,,,,0.0171,0.07355,0.03357,,,,,,,0.02598,0.11262,0.05129,,0.03211,0.12427,0.05575,,,,,,,,,,,,,,CLAS_EG1b
1.1942,0.0080220732947856,2.4999,,,,-0.15018,0.09148,0.03179,,,,,,,-0.22184,0.13568,0.0466,,-0.2397,0.14893,0.05015,,,,,,,,,,,,,,CLAS_EG1b
1.1939,0.0080220732947856,2.5399,,,,-0.01703,0.09303,0.03666,,,,,,,-0.02459,0.13447,0.05236,,-0.02317,0.14683,0.05619,,,,,,,,,,,,,,CLAS_EG1b
1.1952,0.0080220732947856,2.5799,,,,-0.00121,0.0944,0.03907,,,,,,,-0.00041,0.13353,0.05525,,0.00364,0.14509,0.05929,,,,,,,,,,,,,,CLAS_EG1b
1.1975,0.0080220732947856,2.62,,,,-0.16464,0.09559,0.03585,,,,,,,-0.22785,0.13278,0.04919,,-0.24242,0.14363,0.05242,,,,,,,,,,,,,,CLAS_EG1b
1.1989,0.0080220732947856,2.6601,,,,-0.15176,0.09454,0.045,,,,,,,-0.20679,0.12932,0.06079,,-0.21865,0.1393,0.06477,,,,,,,,,,,,,,CLAS_EG1b
1.2024,0.0080220732947856,2.7003,,,,0.07525,0.09264,0.0517,,,,,,,0.10244,0.12502,0.06977,,0.11411,0.13415,0.07437,,,,,,,,,,,,,,CLAS_EG1b
1.2034,0.0080220732947856,2.7403,,,,-0.10426,0.08929,0.04583,,,,,,,-0.13933,0.11899,0.06113,,-0.14516,0.12721,0.06482,,,,,,,,,,,,,,CLAS_EG1b
1.2005,0.0080220732947856,2.7803,,,,-0.00398,0.08732,0.03867,,,,,,,-0.00469,0.11488,0.05068,,-0.00092,0.12238,0.05336,,,,,,,,,,,,,,CLAS_EG1b
1.1956,0.0080220732947856,2.8197,,,,-0.22357,0.08846,0.03508,,,,,,,-0.2903,0.11477,0.04522,,-0.30435,0.12184,0.04735,,,,,,,,,,,,,,CLAS_EG1b
1.1476,0.0080220732947856,2.8495,,,,-0.04946,0.17018,0.03279,,,,,,,-0.06288,0.21816,0.04183,,-0.06249,0.2307,0.04374,,,,,,,,,,,,,,CLAS_EG1b
1.4228,0.0080220732947856,1.1403,,,,-0.01905,0.01286,0.00505,,,,,,,-0.31779,0.29821,0.16869,,-0.69235,0.73068,0.43402,,,,,,,,,,,,,,CLAS_EG1b
1.4223,0.0080220732947856,1.1803,,,,-0.03719,0.01407,0.01243,,,,,,,-0.27905,0.11421,0.08808,,-0.56216,0.26547,0.16982,,,,,,,,,,,,,,CLAS_EG1b
1.4215,0.0080220732947856,1.2202,,,,-0.04628,0.01509,0.01755,,,,,,,-0.25861,0.08368,0.10652,,-0.50497,0.18542,0.20994,,,,,,,,,,,,,,CLAS_EG1b
1.4215,0.0080220732947856,1.2602,,,,-0.04148,0.01582,0.01571,,,,,,,-0.2924,0.10693,0.10033,,-0.58351,0.22563,0.19614,,,,,,,,,,,,,,CLAS_EG1b
1.4212,0.0080220732947856,1.3001,,,,0.01417,0.01653,0.00934,,,,,,,0.12765,0.14139,0.06962,,0.22651,0.28395,0.12741,,,,,,,,,,,,,,CLAS_EG1b
1.4217,0.0080220732947856,1.3401,,,,0.01724,0.01782,0.00519,,,,,,,0.15813,0.16287,0.04589,,0.19505,0.31237,0.0866,,,,,,,,,,,,,,CLAS_EG1b
1.4233,0.0080220732947856,1.3802,,,,-0.0155,0.01952,0.00547,,,,,,,-0.13346,0.17357,0.04739,,-0.40328,0.31887,0.108,,,,,,,,,,,,,,CLAS_EG1b
1.4245,0.0080220732947856,1.4202,,,,0.01223,0.02109,0.00727,,,,,,,0.10575,0.17256,0.05698,,-0.00375,0.3045,0.13092,,,,,,,,,,,,,,CLAS_EG1b
1.4246,0.0080220732947856,1.4602,,,,0.02827,0.02268,0.0084,,,,,,,0.19329,0.156,0.05879,,0.12958,0.26504,0.13512,,,,,,,,,,,,,,CLAS_EG1b
1.4245,0.0080220732947856,1.5002,,,,-0.00459,0.02419,0.00961,,,,,,,-0.02507,0.13888,0.05906,,-0.17136,0.22814,0.13365,,,,,,,,,,,,,,CLAS_EG1b
1.4243,0.0080220732947856,1.5401,,,,0.05762,0.02614,0.01113,,,,,,,0.33344,0.15182,0.06533,,0.41691,0.24151,0.14032,,,,,,,,,,,,,,CLAS_EG1b
1.4244,0.0080220732947856,1.5801,,,,-0.01931,0.0283,0.01126,,,,,,,-0.11326,0.16503,0.06377,,-0.29676,0.25465,0.1383,,,,,,,,,,,,,,CLAS_EG1b
1.4253,0.0080220732947856,1.6201,,,,-0.06526,0.0316,0.01534,,,,,,,-0.35545,0.1736,0.07649,,-0.638,0.26037,0.14481,,,,,,,,,,,,,,CLAS_EG1b
1.4266,0.0080220732947856,1.6601,,,,0.06849,0.03606,0.02671,,,,,,,0.30845,0.16647,0.11483,,0.38936,0.24307,0.18104,,,,,,,,,,,,,,CLAS_EG1b
1.4268,0.0080220732947856,1.7002,,,,0.0365,0.0384,0.03604,,,,,,,0.14225,0.14776,0.14568,,0.14465,0.21062,0.21404,,,,,,,,,,,,,,CLAS_EG1b
1.4259,0.0080220732947856,1.7401,,,,-0.0138,0.03855,0.03652,,,,,,,-0.06245,0.15893,0.14935,,-0.12559,0.2215,0.21177,,,,,,,,,,,,,,CLAS_EG1b
1.4251,0.0080220732947856,1.7801,,,,0.04714,0.03844,0.02935,,,,,,,0.20414,0.16672,0.12465,,0.2595,0.22742,0.17092,,,,,,,,,,,,,,CLAS_EG1b
1.4253,0.0080220732947856,1.82,,,,-0.05345,0.03894,0.02212,,,,,,,-0.22813,0.16622,0.09319,,-0.31564,0.22228,0.12337,,,,,,,,,,,,,,CLAS_EG1b
1.4259,0.0080220732947856,1.86,,,,-0.03477,0.03978,0.02226,,,,,,,-0.14412,0.16235,0.08841,,-0.20806,0.21315,0.11507,,,,,,,,,,,,,,CLAS_EG1b
1.4271,0.0080220732947856,1.9,,,,-0.00791,0.04047,0.02451,,,,,,,-0.03649,0.15563,0.09308,,-0.06997,0.20088,0.12019,,,,,,,,,,,,,,CLAS_EG1b
1.4282,0.0080220732947856,1.9401,,,,-0.06725,0.0413,0.02434,,,,,,,-0.24137,0.14825,0.08673,,-0.31531,0.18834,0.11016,,,,,,,,,,,,,,CLAS_EG1b
1.4289,0.0080220732947856,1.9801,,,,0.03033,0.04201,0.02519,,,,,,,0.10307,0.14018,0.08332,,0.12605,0.17547,0.10398,,,,,,,,,,,,,,CLAS_EG1b
1.4291,0.0080220732947856,2.02,,,,-0.04654,0.04267,0.02601,,,,,,,-0.14408,0.13251,0.08055,,-0.18083,0.16361,0.09954,,,,,,,,,,,,,,CLAS_EG1b
1.429,0.0080220732947856,2.06,,,,-0.08058,0.04307,0.02519,,,,,,,-0.23457,0.1249,0.07252,,-0.28818,0.15226,0.0887,,,,,,,,,,,,,,CLAS_EG1b
1.4282,0.0080220732947856,2.1,,,,0.02988,0.04358,0.02365,,,,,,,0.08431,0.11858,0.06433,,0.10099,0.14283,0.07787,,,,,,,,,,,,,,CLAS_EG1b
1.4276,0.0080220732947856,2.14,,,,-0.07516,0.04433,0.02035,,,,,,,-0.19177,0.11371,0.05207,,-0.22875,0.13545,0.06244,,,,,,,,,,,,,,CLAS_EG1b
1.428,0.0080220732947856,2.18,,,,-0.07722,0.0451,0.01854,,,,,,,-0.18501,0.10948,0.04331,,-0.2175,0.12907,0.05105,,,,,,,,,,,,,,CLAS_EG1b
1.4273,0.0080220732947856,2.22,,,,-0.06224,0.04608,0.01974,,,,,,,-0.14619,0.10625,0.04414,,-0.17068,0.12406,0.05129,,,,,,,,,,,,,,CLAS_EG1b
1.4263,0.0080220732947856,2.2599,,,,-0.04951,0.0474,0.0202,,,,,,,-0.10893,0.10415,0.04356,,-0.12501,0.12052,0.05001,,,,,,,,,,,,,,CLAS_EG1b
1.4204,0.0080220732947856,2.2997,,,,-0.02564,0.04995,0.02475,,,,,,,-0.05547,0.10492,0.05106,,-0.06254,0.12037,0.05794,,,,,,,,,,,,,,CLAS_EG1b
1.4156,0.0080220732947856,2.3396,,,,0.09485,0.05373,0.03168,,,,,,,0.19056,0.10814,0.06374,,0.21859,0.12307,0.07202,,,,,,,,,,,,,,CLAS_EG1b
1.419,0.0080220732947856,2.3794,,,,0.0495,0.06479,0.03123,,,,,,,0.09743,0.1255,0.06106,,0.1125,0.14186,0.06864,,,,,,,,,,,,,,CLAS_EG1b
1.4169,0.0080220732947856,2.4188,,,,-0.15797,0.07695,0.02334,,,,,,,-0.29202,0.14316,0.04244,,-0.32503,0.16065,0.04702,,,,,,,,,,,,,,CLAS_EG1b
1.4291,0.0080220732947856,2.46,,,,-0.18571,0.08123,0.02107,,,,,,,-0.3343,0.1457,0.03466,,-0.37059,0.16253,0.03755,,,,,,,,,,,,,,CLAS_EG1b
1.4304,0.0080220732947856,2.5001,,,,-0.08505,0.08115,0.02997,,,,,,,-0.14903,0.14093,0.05029,,-0.16278,0.15628,0.05488,,,,,,,,,,,,,,CLAS_EG1b
1.4332,0.0080220732947856,2.5402,,,,-0.02356,0.08008,0.03346,,,,,,,-0.04141,0.13527,0.05579,,-0.04312,0.14918,0.06088,,,,,,,,,,,,,,CLAS_EG1b
1.4354,0.0080220732947856,2.5802,,,,-0.18717,0.0785,0.0288,,,,,,,-0.30793,0.12952,0.04645,,-0.33456,0.1421,0.05021,,,,,,,,,,,,,,CLAS_EG1b
1.4348,0.0080220732947856,2.6202,,,,-0.07959,0.07679,0.02922,,,,,,,-0.12987,0.12422,0.04606,,-0.13893,0.13562,0.04939,,,,,,,,,,,,,,CLAS_EG1b
1.431,0.0080220732947856,2.6602,,,,-0.05383,0.07565,0.0364,,,,,,,-0.08558,0.12036,0.05744,,-0.08969,0.13079,0.06172,,,,,,,,,,,,,,CLAS_EG1b
1.4293,0.0080220732947856,2.7001,,,,0.03468,0.07539,0.04356,,,,,,,0.05422,0.1182,0.06809,,0.06199,0.12788,0.07312,,,,,,,,,,,,,,CLAS_EG1b
1.4301,0.0080220732947856,2.7401,,,,-0.03978,0.07561,0.04766,,,,,,,-0.06174,0.11695,0.07362,,-0.06314,0.12603,0.07886,,,,,,,,,,,,,,CLAS_EG1b
1.4254,0.0080220732947856,2.7794,,,,-0.03415,0.07826,0.04668,,,,,,,-0.05207,0.11946,0.07107,,-0.05238,0.12823,0.07584,,,,,,,,,,,,,,CLAS_EG1b
1.3649,0.0080220732947856,2.8104,,,,-0.28013,0.14695,0.03776,,,,,,,-0.42293,0.22181,0.05672,,-0.44843,0.23699,0.06033,,,,,,,,,,,,,,CLAS_EG1b
1.6998,0.0080220732947856,1.1803,,,,0.00216,0.01376,0.01004,,,,,,,-0.00143,0.15936,0.10246,,0.07914,0.35251,0.19928,,,,,,,,,,,,,,CLAS_EG1b
1.698,0.0080220732947856,1.2202,,,,-0.00318,0.01479,0.0143,,,,,,,-0.02543,0.11742,0.12353,,0.00678,0.24959,0.24187,,,,,,,,,,,,,,CLAS_EG1b
1.696,0.0080220732947856,1.2602,,,,0.00962,0.01564,0.01283,,,,,,,0.09678,0.15035,0.11633,,0.23159,0.30647,0.22642,,,,,,,,,,,,,,CLAS_EG1b
1.6951,0.0080220732947856,1.3002,,,,0.01444,0.01642,0.00768,,,,,,,0.17905,0.19646,0.08096,,0.32992,0.38382,0.15013,,,,,,,,,,,,,,CLAS_EG1b
1.6938,0.0080220732947856,1.3402,,,,0.00159,0.01786,0.00464,,,,,,,0.01964,0.22457,0.0565,,-0.05385,0.42149,0.1034,,,,,,,,,,,,,,CLAS_EG1b
1.6933,0.0080220732947856,1.4202,,,,-0.01157,0.02295,0.00772,,,,,,,-0.13461,0.25104,0.07616,,-0.42037,0.43803,0.14226,,,,,,,,,,,,,,CLAS_EG1b
1.6951,0.0080220732947856,1.4603,,,,0.00937,0.02575,0.01061,,,,,,,0.08752,0.23335,0.09421,,-0.05805,0.39349,0.16889,,,,,,,,,,,,,,CLAS_EG1b
1.6959,0.0080220732947856,1.5002,,,,0.02908,0.02738,0.01157,,,,,,,0.21899,0.2039,0.09307,,0.23045,0.33346,0.16808,,,,,,,,,,,,,,CLAS_EG1b
1.6969,0.0080220732947856,1.5402,,,,0.03315,0.02837,0.01207,,,,,,,0.24728,0.2127,0.09167,,0.28584,0.33782,0.16359,,,,,,,,,,,,,,CLAS_EG1b
1.6984,0.0080220732947856,1.5802,,,,0.03013,0.02942,0.01276,,,,,,,0.22462,0.21962,0.09478,,0.23596,0.33918,0.16331,,,,,,,,,,,,,,CLAS_EG1b
1.6999,0.0080220732947856,1.6202,,,,0.01206,0.03042,0.0143,,,,,,,0.08704,0.20984,0.09497,,0.03857,0.31563,0.15619,,,,,,,,,,,,,,CLAS_EG1b
1.7009,0.0080220732947856,1.6602,,,,0.03505,0.03163,0.0188,,,,,,,0.18758,0.17887,0.10236,,0.22457,0.26243,0.15662,,,,,,,,,,,,,,CLAS_EG1b
1.7019,0.0080220732947856,1.7002,,,,-0.00327,0.03276,0.02466,,,,,,,-0.01639,0.15365,0.12269,,-0.07432,0.2205,0.1779,,,,,,,,,,,,,,CLAS_EG1b
1.7022,0.0080220732947856,1.7401,,,,0.01429,0.03312,0.02674,,,,,,,0.08092,0.16794,0.13546,,0.07972,0.23596,0.19072,,,,,,,,,,,,,,CLAS_EG1b
1.7031,0.0080220732947856,1.7801,,,,0.01048,0.03326,0.02276,,,,,,,0.05749,0.17869,0.11937,,0.06682,0.24598,0.16376,,,,,,,,,,,,,,CLAS_EG1b
1.7036,0.0080220732947856,1.8201,,,,-0.03218,0.03359,0.01818,,,,,,,-0.1712,0.17775,0.09492,,-0.23732,0.24009,0.12655,,,,,,,,,,,,,,CLAS_EG1b
1.7031,0.0080220732947856,1.8601,,,,0.01307,0.03408,0.01961,,,,,,,0.065,0.17215,0.09746,,0.07148,0.22843,0.12834,,,,,,,,,,,,,,CLAS_EG1b
1.7025,0.0080220732947856,1.9001,,,,0.00616,0.03453,0.02166,,,,,,,0.02814,0.16374,0.10254,,0.01626,0.21369,0.13388,,,,,,,,,,,,,,CLAS_EG1b
1.7019,0.0080220732947856,1.9401,,,,-0.02346,0.03505,0.02036,,,,,,,-0.1029,0.15457,0.09028,,-0.14133,0.19861,0.11635,,,,,,,,,,,,,,CLAS_EG1b
1.7011,0.0080220732947856,1.9801,,,,-0.0189,0.03592,0.02045,,,,,,,-0.08008,0.14664,0.08209,,-0.10714,0.1857,0.10392,,,,,,,,,,,,,,CLAS_EG1b
1.7002,0.0080220732947856,2.02,,,,-0.02573,0.03674,0.02344,,,,,,,-0.09613,0.13903,0.08769,,-0.125,0.17368,0.10972,,,,,,,,,,,,,,CLAS_EG1b
1.6995,0.0080220732947856,2.06,,,,-0.00051,0.03777,0.02364,,,,,,,-0.00171,0.13294,0.08384,,-0.00613,0.16397,0.10414,,,,,,,,,,,,,,CLAS_EG1b
1.6991,0.0080220732947856,2.1,,,,-0.00487,0.03862,0.02052,,,,,,,-0.02113,0.12714,0.06811,,-0.02999,0.15495,0.084,,,,,,,,,,,,,,CLAS_EG1b
1.6969,0.0080220732947856,2.1398,,,,-0.03407,0.04002,0.01881,,,,,,,-0.10588,0.12383,0.05753,,-0.13002,0.14924,0.07021,,,,,,,,,,,,,,CLAS_EG1b
1.6918,0.0080220732947856,2.1797,,,,-0.0322,0.04273,0.01972,,,,,,,-0.092,0.12475,0.05672,,-0.11088,0.14876,0.06829,,,,,,,,,,,,,,CLAS_EG1b
1.6911,0.0080220732947856,2.2197,,,,-0.03137,0.04575,0.02245,,,,,,,-0.08937,0.1265,0.0612,,-0.10707,0.14938,0.07261,,,,,,,,,,,,,,CLAS_EG1b
1.6996,0.0080220732947856,2.2597,,,,0.01219,0.05544,0.02546,,,,,,,0.03258,0.14597,0.0665,,0.03779,0.1709,0.07806,,,,,,,,,,,,,,CLAS_EG1b
1.7075,0.0080220732947856,2.3001,,,,-0.04917,0.06309,0.03012,,,,,,,-0.12495,0.15797,0.07443,,-0.14533,0.18335,0.0864,,,,,,,,,,,,,,CLAS_EG1b
1.6995,0.0080220732947856,2.3395,,,,-0.01463,0.0635,0.03308,,,,,,,-0.03272,0.15186,0.07817,,-0.03666,0.17477,0.09003,,,,,,,,,,,,,,CLAS_EG1b
1.7055,0.0080220732947856,2.3795,,,,-0.22613,0.06489,0.03098,,,,,,,-0.51796,0.14876,0.06955,,-0.59088,0.16998,0.07946,,,,,,,,,,,,,,CLAS_EG1b
1.7108,0.0080220732947856,2.4201,,,,-0.01669,0.06553,0.02846,,,,,,,-0.03734,0.1442,0.06082,,-0.04126,0.16362,0.06879,,,,,,,,,,,,,,CLAS_EG1b
1.7096,0.0080220732947856,2.4601,,,,-0.20694,0.06513,0.02365,,,,,,,-0.43722,0.13794,0.0483,,-0.49105,0.15548,0.05423,,,,,,,,,,,,,,CLAS_EG1b
1.7061,0.0080220732947856,2.5001,,,,-0.1713,0.06507,0.01799,,,,,,,-0.34996,0.13314,0.03293,,-0.39005,0.14911,0.03624,,,,,,,,,,,,,,CLAS_EG1b
1.7043,0.0080220732947856,2.54,,,,-0.14929,0.06545,0.0208,,,,,,,-0.29685,0.12997,0.03834,,-0.32857,0.14471,0.04199,,,,,,,,,,,,,,CLAS_EG1b
1.7043,0.0080220732947856,2.58,,,,-0.13423,0.06607,0.02323,,,,,,,-0.25947,0.1279,0.0429,,-0.28499,0.14161,0.04694,,,,,,,,,,,,,,CLAS_EG1b
1.7056,0.0080220732947856,2.62,,,,-0.18738,0.06673,0.02291,,,,,,,-0.35577,0.1264,0.04152,,-0.38973,0.13924,0.04512,,,,,,,,,,,,,,CLAS_EG1b
1.7064,0.0080220732947856,2.6601,,,,-0.0705,0.06712,0.02768,,,,,,,-0.13027,0.12478,0.05037,,-0.13999,0.13679,0.05459,,,,,,,,,,,,,,CLAS_EG1b
1.7067,0.0080220732947856,2.7002,,,,-0.03659,0.06761,0.03619,,,,,,,-0.06689,0.12366,0.06581,,-0.07026,0.13494,0.07129,,,,,,,,,,,,,,CLAS_EG1b
1.6838,0.0080220732947856,2.7379,,,,0.00408,0.07531,0.04148,,,,,,,0.00684,0.13581,0.07463,,0.00997,0.14751,0.08061,,,,,,,,,,,,,,CLAS_EG1b
1.6085,0.0080220732947856,2.7686,,,,-0.03743,0.17111,0.03611,,,,,,,-0.06769,0.30506,0.06449,,-0.07073,0.3296,0.06945,,,,,,,,,,,,,,CLAS_EG1b
2.0273,0.0080220732947856,1.2204,,,,-0.02692,0.01696,0.01096,,,,,,,-0.31446,0.20145,0.14189,,-0.57236,0.40854,0.27764,,,,,,,,,,,,,,CLAS_EG1b
2.029,0.0080220732947856,1.2603,,,,-0.02718,0.01732,0.01027,,,,,,,-0.39982,0.24782,0.14309,,-0.73747,0.4851,0.27578,,,,,,,,,,,,,,CLAS_EG1b
2.0296,0.0080220732947856,1.3003,,,,0.02027,0.01768,0.00817,,,,,,,0.35759,0.3108,0.13711,,0.67405,0.5868,0.25605,,,,,,,,,,,,,,CLAS_EG1b
2.0283,0.0080220732947856,1.4203,,,,-0.00813,0.02086,0.00889,,,,,,,-0.13481,0.31951,0.12925,,-0.39455,0.54716,0.21312,,,,,,,,,,,,,,CLAS_EG1b
2.0276,0.0080220732947856,1.4603,,,,0.01094,0.02196,0.01017,,,,,,,0.11678,0.27369,0.12698,,-0.01388,0.45499,0.19935,,,,,,,,,,,,,,CLAS_EG1b
2.0268,0.0080220732947856,1.5003,,,,0.00732,0.0227,0.01021,,,,,,,0.08231,0.22915,0.11122,,0.02011,0.37085,0.17712,,,,,,,,,,,,,,CLAS_EG1b
2.0258,0.0080220732947856,1.5403,,,,0.01684,0.02337,0.01039,,,,,,,0.17049,0.23585,0.1055,,0.17085,0.37194,0.17023,,,,,,,,,,,,,,CLAS_EG1b
2.0257,0.0080220732947856,1.5802,,,,0.03086,0.02431,0.01077,,,,,,,0.30876,0.24168,0.10697,,0.37947,0.37165,0.16847,,,,,,,,,,,,,,CLAS_EG1b
2.0257,0.0080220732947856,1.6202,,,,0.00761,0.02546,0.01051,,,,,,,0.07791,0.22929,0.09444,,0.03464,0.34426,0.14583,,,,,,,,,,,,,,CLAS_EG1b
2.0262,0.0080220732947856,1.6602,,,,0.00584,0.02635,0.01192,,,,,,,0.04285,0.18958,0.08467,,0.02188,0.27821,0.12609,,,,,,,,,,,,,,CLAS_EG1b
2.0261,0.0080220732947856,1.7002,,,,0.01881,0.02735,0.01586,,,,,,,0.10682,0.16183,0.10008,,0.11068,0.23273,0.14366,,,,,,,,,,,,,,CLAS_EG1b
2.0263,0.0080220732947856,1.7401,,,,-0.00177,0.02782,0.01826,,,,,,,-0.02826,0.17974,0.1177,,-0.05841,0.25347,0.1653,,,,,,,,,,,,,,CLAS_EG1b
2.0268,0.0080220732947856,1.7801,,,,0.01522,0.02804,0.01695,,,,,,,0.10495,0.19344,0.11412,,0.14113,0.26762,0.15709,,,,,,,,,,,,,,CLAS_EG1b
2.0277,0.0080220732947856,1.8201,,,,0.00725,0.02839,0.01518,,,,,,,0.05237,0.19299,0.10272,,0.07262,0.26226,0.13871,,,,,,,,,,,,,,CLAS_EG1b
2.0285,0.0080220732947856,1.8601,,,,0.00748,0.02892,0.01627,,,,,,,0.04579,0.18722,0.1044,,0.04975,0.25019,0.13925,,,,,,,,,,,,,,CLAS_EG1b
2.029,0.0080220732947856,1.9001,,,,0.00249,0.02976,0.01801,,,,,,,0.0136,0.18022,0.10862,,-0.00093,0.23705,0.14304,,,,,,,,,,,,,,CLAS_EG1b
2.0295,0.0080220732947856,1.94,,,,0.01063,0.03026,0.01776,,,,,,,0.05849,0.16963,0.10026,,0.06585,0.21983,0.13039,,,,,,,,,,,,,,CLAS_EG1b
2.0256,0.0080220732947856,1.9799,,,,-0.02198,0.03164,0.01818,,,,,,,-0.11725,0.16348,0.09288,,-0.15741,0.20891,0.11886,,,,,,,,,,,,,,CLAS_EG1b
2.0226,0.0080220732947856,2.0199,,,,0.02115,0.03323,0.02103,,,,,,,0.09859,0.1584,0.09933,,0.11645,0.19976,0.12557,,,,,,,,,,,,,,CLAS_EG1b
2.0235,0.0080220732947856,2.0599,,,,-0.02041,0.03522,0.02063,,,,,,,-0.0849,0.15556,0.09224,,-0.11083,0.19375,0.11605,,,,,,,,,,,,,,CLAS_EG1b
2.029,0.0080220732947856,2.0999,,,,-0.06844,0.03933,0.01743,,,,,,,-0.28084,0.1618,0.07104,,-0.3508,0.19923,0.08901,,,,,,,,,,,,,,CLAS_EG1b
2.0368,0.0080220732947856,2.1401,,,,-0.06045,0.04258,0.01785,,,,,,,-0.22992,0.16395,0.06653,,-0.28372,0.1997,0.08235,,,,,,,,,,,,,,CLAS_EG1b
2.0375,0.0080220732947856,2.1802,,,,-0.03005,0.04554,0.01911,,,,,,,-0.10787,0.16487,0.06843,,-0.13331,0.19874,0.08379,,,,,,,,,,,,,,CLAS_EG1b
2.036,0.0080220732947856,2.2202,,,,-0.06959,0.04093,0.02103,,,,,,,-0.23776,0.13986,0.07064,,-0.28655,0.16694,0.08517,,,,,,,,,,,,,,CLAS_EG1b
2.0253,0.0080220732947856,2.2597,,,,0.02117,0.04383,0.02923,,,,,,,0.06919,0.14196,0.09304,,0.07982,0.16787,0.11027,,,,,,,,,,,,,,CLAS_EG1b
2.0219,0.0080220732947856,2.2994,,,,0.0617,0.05253,0.03406,,,,,,,0.19144,0.16153,0.10531,,0.22317,0.18933,0.12396,,,,,,,,,,,,,,CLAS_EG1b
2.0328,0.0080220732947856,2.34,,,,-0.04514,0.05358,0.03254,,,,,,,-0.13248,0.15701,0.09586,,-0.15513,0.18259,0.11198,,,,,,,,,,,,,,CLAS_EG1b
2.0326,0.0080220732947856,2.3801,,,,-0.00389,0.05456,0.03038,,,,,,,-0.00962,0.15271,0.08478,,-0.01142,0.17622,0.09818,,,,,,,,,,,,,,CLAS_EG1b
2.0327,0.0080220732947856,2.42,,,,-0.11718,0.05528,0.0252,,,,,,,-0.31248,0.14815,0.06697,,-0.35786,0.16974,0.07717,,,,,,,,,,,,,,CLAS_EG1b
2.0329,0.0080220732947856,2.46,,,,-0.16848,0.05653,0.02678,,,,,,,-0.43217,0.1454,0.06613,,-0.49133,0.16545,0.07515,,,,,,,,,,,,,,CLAS_EG1b
2.0343,0.0080220732947856,2.5001,,,,0.03299,0.05727,0.0335,,,,,,,0.08389,0.14191,0.08236,,0.09585,0.16045,0.09313,,,,,,,,,,,,,,CLAS_EG1b
2.0356,0.0080220732947856,2.5401,,,,-0.07787,0.05804,0.02981,,,,,,,-0.18871,0.1392,0.07176,,-0.21166,0.15644,0.08077,,,,,,,,,,,,,,CLAS_EG1b
2.0358,0.0080220732947856,2.5801,,,,-0.10767,0.05858,0.03091,,,,,,,-0.25317,0.13656,0.07048,,-0.28229,0.1526,0.07842,,,,,,,,,,,,,,CLAS_EG1b
2.0359,0.0080220732947856,2.6201,,,,0.0065,0.05925,0.03747,,,,,,,0.01382,0.13477,0.08466,,0.01648,0.1498,0.09391,,,,,,,,,,,,,,CLAS_EG1b
2.0281,0.0080220732947856,2.6595,,,,-0.14809,0.06166,0.03665,,,,,,,-0.32842,0.13737,0.08142,,-0.36104,0.15189,0.08988,,,,,,,,,,,,,,CLAS_EG1b
1.9554,0.0080220732947856,2.6961,,,,0.01058,0.0869,0.06179,,,,,,,0.02308,0.19026,0.13397,,0.02708,0.20908,0.14664,,,,,,,,,,,,,,CLAS_EG1b
2.4127,0.0080220732947856,1.1804,,,,0.00248,0.01346,0.00597,,,,,,,0.11621,0.34711,0.14075,,0.32836,0.68934,0.27864,,,,,,,,,,,,,,CLAS_EG1b
2.4134,0.0080220732947856,1.2203,,,,-0.01174,0.01376,0.0081,,,,,,,-0.20705,0.24631,0.15827,,-0.33213,0.47566,0.30184,,,,,,,,,,,,,,CLAS_EG1b
2.4137,0.0080220732947856,1.2603,,,,-0.01815,0.01427,0.00709,,,,,,,-0.36263,0.30623,0.14311,,-0.63524,0.57427,0.27132,,,,,,,,,,,,,,CLAS_EG1b
2.415,0.0080220732947856,1.3003,,,,-0.0046,0.01467,0.00482,,,,,,,-0.10093,0.38447,0.11716,,-0.17387,0.69926,0.21792,,,,,,,,,,,,,,CLAS_EG1b
2.4176,0.0080220732947856,1.4203,,,,-0.00817,0.01725,0.00796,,,,,,,-0.19965,0.37793,0.15895,,-0.46242,0.63243,0.25221,,,,,,,,,,,,,,CLAS_EG1b
2.4188,0.0080220732947856,1.4604,,,,0.01406,0.01837,0.01054,,,,,,,0.21815,0.32162,0.17919,,0.17127,0.52453,0.27531,,,,,,,,,,,,,,CLAS_EG1b
2.4194,0.0080220732947856,1.5004,,,,0.03017,0.01895,0.01041,,,,,,,0.41588,0.26424,0.15925,,0.56061,0.42096,0.24665,,,,,,,,,,,,,,CLAS_EG1b
2.4201,0.0080220732947856,1.5402,,,,0.00379,0.01983,0.00834,,,,,,,0.05171,0.27414,0.11542,,-0.00036,0.42695,0.1795,,,,,,,,,,,,,,CLAS_EG1b
2.4214,0.0080220732947856,1.5803,,,,-0.00564,0.02045,0.00703,,,,,,,-0.07222,0.27508,0.09282,,-0.19128,0.4189,0.14133,,,,,,,,,,,,,,CLAS_EG1b
2.4223,0.0080220732947856,1.6202,,,,-0.02057,0.02146,0.00765,,,,,,,-0.22222,0.25631,0.08535,,-0.41001,0.38212,0.12664,,,,,,,,,,,,,,CLAS_EG1b
2.4242,0.0080220732947856,1.6603,,,,0.01756,0.0225,0.01025,,,,,,,0.16242,0.20952,0.0919,,0.15464,0.30601,0.13273,,,,,,,,,,,,,,CLAS_EG1b
2.4253,0.0080220732947856,1.7003,,,,-0.0035,0.02293,0.01348,,,,,,,-0.02366,0.17428,0.11059,,-0.10531,0.24995,0.15705,,,,,,,,,,,,,,CLAS_EG1b
2.4229,0.0080220732947856,1.7402,,,,0.03379,0.02346,0.01516,,,,,,,0.28762,0.19642,0.12737,,0.34933,0.27678,0.17886,,,,,,,,,,,,,,CLAS_EG1b
2.4187,0.0080220732947856,1.7801,,,,0.00147,0.02385,0.01401,,,,,,,0.01382,0.21465,0.12275,,-0.02162,0.2972,0.17036,,,,,,,,,,,,,,CLAS_EG1b
2.414,0.0080220732947856,1.8201,,,,-0.01673,0.02472,0.01188,,,,,,,-0.14842,0.21936,0.10378,,-0.23288,0.29876,0.14161,,,,,,,,,,,,,,CLAS_EG1b
2.4114,0.0080220732947856,1.86,,,,-0.03497,0.0257,0.01143,,,,,,,-0.29335,0.21662,0.09367,,-0.42157,0.29046,0.12531,,,,,,,,,,,,,,CLAS_EG1b
2.4126,0.0080220732947856,1.9,,,,-0.02841,0.02727,0.0125,,,,,,,-0.22863,0.21428,0.09513,,-0.32841,0.28313,0.12522,,,,,,,,,,,,,,CLAS_EG1b
2.4187,0.0080220732947856,1.9399,,,,-0.03374,0.02908,0.01297,,,,,,,-0.24999,0.21051,0.09246,,-0.34661,0.27428,0.12043,,,,,,,,,,,,,,CLAS_EG1b
2.4215,0.0080220732947856,1.9801,,,,-0.0257,0.03041,0.01401,,,,,,,-0.16752,0.20186,0.09083,,-0.22813,0.25954,0.11683,,,,,,,,,,,,,,CLAS_EG1b
2.4212,0.0080220732947856,2.0201,,,,-0.02258,0.03165,0.01619,,,,,,,-0.13944,0.19274,0.09688,,-0.18684,0.24471,0.12341,,,,,,,,,,,,,,CLAS_EG1b
2.4217,0.0080220732947856,2.06,,,,-0.03775,0.03191,0.01609,,,,,,,-0.21688,0.17939,0.09011,,-0.28141,0.22509,0.11421,,,,,,,,,,,,,,CLAS_EG1b
2.4171,0.0080220732947856,2.1,,,,-0.04123,0.03379,0.01458,,,,,,,-0.21537,0.17622,0.07483,,-0.2746,0.21864,0.09441,,,,,,,,,,,,,,CLAS_EG1b
2.4105,0.0080220732947856,2.1399,,,,-0.04981,0.03615,0.0154,,,,,,,-0.24008,0.17581,0.07287,,-0.30064,0.21579,0.09103,,,,,,,,,,,,,,CLAS_EG1b
2.4073,0.0080220732947856,2.1799,,,,-0.04907,0.03888,0.02138,,,,,,,-0.22368,0.17716,0.09464,,-0.27729,0.21526,0.11586,,,,,,,,,,,,,,CLAS_EG1b
2.4135,0.0080220732947856,2.2196,,,,0.0511,0.04298,0.02567,,,,,,,0.21873,0.18429,0.11013,,0.25849,0.22182,0.13358,,,,,,,,,,,,,,CLAS_EG1b
2.4246,0.0080220732947856,2.2601,,,,-0.03895,0.04521,0.02262,,,,,,,-0.15268,0.18286,0.09326,,-0.18521,0.21814,0.11273,,,,,,,,,,,,,,CLAS_EG1b
2.4255,0.0080220732947856,2.3001,,,,-0.07938,0.04616,0.01946,,,,,,,-0.30273,0.17682,0.07309,,-0.36115,0.20914,0.08755,,,,,,,,,,,,,,CLAS_EG1b
2.4266,0.0080220732947856,2.3401,,,,-0.04229,0.04721,0.02217,,,,,,,-0.15943,0.17178,0.0789,,-0.19082,0.20155,0.09324,,,,,,,,,,,,,,CLAS_EG1b
2.427,0.0080220732947856,2.3801,,,,-0.02444,0.04803,0.02324,,,,,,,-0.08384,0.16641,0.07984,,-0.09968,0.19376,0.09363,,,,,,,,,,,,,,CLAS_EG1b
2.4273,0.0080220732947856,2.4201,,,,-0.09835,0.0491,0.0223,,,,,,,-0.32795,0.16238,0.07258,,-0.3813,0.1877,0.08445,,,,,,,,,,,,,,CLAS_EG1b
2.4265,0.0080220732947856,2.4601,,,,-0.05196,0.04989,0.02248,,,,,,,-0.16364,0.15787,0.06983,,-0.18901,0.18123,0.08056,,,,,,,,,,,,,,CLAS_EG1b
2.426,0.0080220732947856,2.5001,,,,-0.07259,0.05106,0.02483,,,,,,,-0.22041,0.15519,0.07442,,-0.25222,0.17701,0.08512,,,,,,,,,,,,,,CLAS_EG1b
2.4231,0.0080220732947856,2.54,,,,-0.03601,0.05265,0.02598,,,,,,,-0.10429,0.15442,0.07573,,-0.11844,0.17504,0.08611,,,,,,,,,,,,,,CLAS_EG1b
2.4009,0.0080220732947856,2.5792,,,,-0.11883,0.05697,0.02324,,,,,,,-0.33754,0.16199,0.06551,,-0.38035,0.1825,0.07408,,,,,,,,,,,,,,CLAS_EG1b
2.3343,0.0080220732947856,2.6176,,,,-0.08275,0.07466,0.0324,,,,,,,-0.22897,0.20672,0.08674,,-0.25611,0.23136,0.0969,,,,,,,,,,,,,,CLAS_EG1b
2.89,0.0080220732947856,1.1804,,,,-0.00413,0.0107,0.0043,,,,,,,-0.18205,0.42622,0.16783,,-0.24426,0.79856,0.3163,,,,,,,,,,,,,,CLAS_EG1b
2.8896,0.0080220732947856,1.2204,,,,-0.00854,0.01095,0.00571,,,,,,,-0.23922,0.30583,0.17249,,-0.35996,0.5603,0.31463,,,,,,,,,,,,,,CLAS_EG1b
2.8902,0.0080220732947856,1.2603,,,,-0.0129,0.01153,0.00488,,,,,,,-0.40846,0.38608,0.15274,,-0.67572,0.6905,0.27902,,,,,,,,,,,,,,CLAS_EG1b
2.8906,0.0080220732947856,1.3003,,,,-0.0027,0.01174,0.00274,,,,,,,-0.104,0.47925,0.09995,,-0.14683,0.83595,0.18663,,,,,,,,,,,,,,CLAS_EG1b
2.89,0.0080220732947856,1.3404,,,,-0.007,0.01261,0.00277,,,,,,,-0.29183,0.52446,0.108,,-0.49976,0.89313,0.1917,,,,,,,,,,,,,,CLAS_EG1b
2.8887,0.0080220732947856,1.3804,,,,0.01001,0.01322,0.00383,,,,,,,0.35246,0.50419,0.13946,,0.54002,0.83888,0.23508,,,,,,,,,,,,,,CLAS_EG1b
2.8769,0.0080220732947856,1.5002,,,,-0.01867,0.01539,0.00659,,,,,,,-0.37758,0.30987,0.14776,,-0.67005,0.48389,0.22459,,,,,,,,,,,,,,CLAS_EG1b
2.8717,0.0080220732947856,1.5402,,,,0.00291,0.0165,0.00547,,,,,,,0.05858,0.32575,0.10611,,0.01785,0.4989,0.15889,,,,,,,,,,,,,,CLAS_EG1b
2.8699,0.0080220732947856,1.5802,,,,-0.02677,0.01734,0.00542,,,,,,,-0.51776,0.32865,0.0959,,-0.85122,0.49363,0.14031,,,,,,,,,,,,,,CLAS_EG1b
2.8686,0.0080220732947856,1.6201,,,,0.00108,0.01841,0.00666,,,,,,,0.00439,0.30356,0.10208,,-0.06455,0.44755,0.14726,,,,,,,,,,,,,,CLAS_EG1b
2.8709,0.0080220732947856,1.6601,,,,-0.01962,0.01991,0.00783,,,,,,,-0.2587,0.25043,0.10011,,-0.44238,0.36256,0.14273,,,,,,,,,,,,,,CLAS_EG1b
2.8767,0.0080220732947856,1.7001,,,,0.00578,0.02096,0.00897,,,,,,,0.05967,0.21314,0.09883,,0.02553,0.30361,0.13848,,,,,,,,,,,,,,CLAS_EG1b
2.8833,0.0080220732947856,1.7401,,,,0.00146,0.02195,0.00995,,,,,,,0.02585,0.24778,0.11244,,-0.00957,0.34734,0.15633,,,,,,,,,,,,,,CLAS_EG1b
2.8851,0.0080220732947856,1.7801,,,,-0.01638,0.02238,0.0099,,,,,,,-0.1977,0.27328,0.11729,,-0.30584,0.37706,0.16159,,,,,,,,,,,,,,CLAS_EG1b
2.8845,0.0080220732947856,1.8201,,,,-0.01115,0.023,0.01115,,,,,,,-0.12974,0.27693,0.13129,,-0.19894,0.37645,0.17783,,,,,,,,,,,,,,CLAS_EG1b
2.8799,0.0080220732947856,1.8601,,,,0.05388,0.02419,0.01309,,,,,,,0.61608,0.27573,0.14827,,0.80246,0.36953,0.19857,,,,,,,,,,,,,,CLAS_EG1b
2.8755,0.0080220732947856,1.9001,,,,-0.04104,0.02543,0.0128,,,,,,,-0.43215,0.26898,0.13592,,-0.59247,0.35566,0.18024,,,,,,,,,,,,,,CLAS_EG1b
2.8733,0.0080220732947856,1.94,,,,-0.02275,0.02725,0.01279,,,,,,,-0.21498,0.26417,0.12212,,-0.29777,0.34482,0.15942,,,,,,,,,,,,,,CLAS_EG1b
2.8727,0.0080220732947856,1.98,,,,-0.00364,0.02912,0.01346,,,,,,,-0.02845,0.25744,0.11983,,-0.04992,0.33191,0.15499,,,,,,,,,,,,,,CLAS_EG1b
2.8778,0.0080220732947856,2.02,,,,-0.03161,0.03133,0.01426,,,,,,,-0.25078,0.25312,0.11446,,-0.32976,0.32257,0.14649,,,,,,,,,,,,,,CLAS_EG1b
2.8864,0.0080220732947856,2.06,,,,-0.00709,0.03379,0.0179,,,,,,,-0.05221,0.25036,0.12995,,-0.0756,0.31549,0.16418,,,,,,,,,,,,,,CLAS_EG1b
2.8917,0.0080220732947856,2.1001,,,,0.02902,0.03517,0.01896,,,,,,,0.19988,0.24058,0.13134,,0.24065,0.29998,0.16515,,,,,,,,,,,,,,CLAS_EG1b
2.8921,0.0080220732947856,2.1401,,,,-0.07666,0.03608,0.01494,,,,,,,-0.48499,0.22918,0.09651,,-0.60613,0.28288,0.12126,,,,,,,,,,,,,,CLAS_EG1b
2.8919,0.0080220732947856,2.1801,,,,-0.06859,0.03705,0.01232,,,,,,,-0.40156,0.21955,0.07036,,-0.49704,0.26841,0.08801,,,,,,,,,,,,,,CLAS_EG1b
2.893,0.0080220732947856,2.2201,,,,-0.06201,0.03783,0.01423,,,,,,,-0.34279,0.21008,0.07638,,-0.42116,0.2545,0.09409,,,,,,,,,,,,,,CLAS_EG1b
2.8928,0.0080220732947856,2.2602,,,,-0.06581,0.03898,0.02031,,,,,,,-0.34078,0.20362,0.103,,-0.41419,0.24453,0.12442,,,,,,,,,,,,,,CLAS_EG1b
2.8927,0.0080220732947856,2.3001,,,,0.03194,0.04005,0.02484,,,,,,,0.1597,0.19741,0.1221,,0.18578,0.23512,0.1462,,,,,,,,,,,,,,CLAS_EG1b
2.8927,0.0080220732947856,2.3401,,,,-0.04678,0.04132,0.0247,,,,,,,-0.22155,0.19275,0.11544,,-0.26657,0.22776,0.13719,,,,,,,,,,,,,,CLAS_EG1b
2.8812,0.0080220732947856,2.3798,,,,0.0166,0.04322,0.02509,,,,,,,0.07259,0.19135,0.11027,,0.08133,0.2244,0.12981,,,,,,,,,,,,,,CLAS_EG1b
2.8663,0.0080220732947856,2.4198,,,,-0.02661,0.04718,0.02964,,,,,,,-0.11187,0.19887,0.1237,,-0.13332,0.23154,0.14431,,,,,,,,,,,,,,CLAS_EG1b
2.8583,0.0080220732947856,2.4597,,,,-0.0198,0.05473,0.03525,,,,,,,-0.0796,0.21998,0.14089,,-0.09469,0.25436,0.1631,,,,,,,,,,,,,,CLAS_EG1b
2.8249,0.0080220732947856,2.4984,,,,0.0165,0.07007,0.03333,,,,,,,0.06403,0.26973,0.12943,,0.07143,0.30977,0.14919,,,,,,,,,,,,,,CLAS_EG1b
2.761,0.0080220732947856,2.5366,,,,-0.11809,0.10322,0.03991,,,,,,,-0.44248,0.38239,0.1449,,-0.50758,0.43615,0.16497,,,,,,,,,,,,,,CLAS_EG1b
3.4404,0.0080220732947856,1.4603,,,,-0.00818,0.01396,0.0056,,,,,,,-0.29844,0.54067,0.20455,,-0.52506,0.83763,0.31471,,,,,,,,,,,,,,CLAS_EG1b
3.4349,0.0080220732947856,1.5003,,,,0.02395,0.01481,0.00633,,,,,,,0.69742,0.44143,0.1983,,0.99137,0.67267,0.30005,,,,,,,,,,,,,,CLAS_EG1b
3.4318,0.0080220732947856,1.5402,,,,-0.01402,0.01591,0.00545,,,,,,,-0.40502,0.45992,0.15633,,-0.67932,0.68936,0.23132,,,,,,,,,,,,,,CLAS_EG1b
3.4273,0.0080220732947856,1.5802,,,,-0.00093,0.01679,0.0049,,,,,,,-0.04019,0.45934,0.12766,,-0.13264,0.6772,0.18339,,,,,,,,,,,,,,CLAS_EG1b
3.4257,0.0080220732947856,1.6202,,,,-0.01439,0.01798,0.00609,,,,,,,-0.31063,0.41974,0.13136,,-0.51234,0.60902,0.18746,,,,,,,,,,,,,,CLAS_EG1b
3.4239,0.0080220732947856,1.6602,,,,0.01192,0.01948,0.00763,,,,,,,0.21044,0.34026,0.13227,,0.2475,0.48603,0.18738,,,,,,,,,,,,,,CLAS_EG1b
3.4247,0.0080220732947856,1.7002,,,,-0.00025,0.02059,0.00772,,,,,,,-0.00368,0.28925,0.11641,,-0.04705,0.4074,0.16358,,,,,,,,,,,,,,CLAS_EG1b
3.4419,0.0080220732947856,1.8201,,,,-0.02299,0.02427,0.01218,,,,,,,-0.3746,0.40659,0.20307,,-0.51971,0.54942,0.27581,,,,,,,,,,,,,,CLAS_EG1b
3.4457,0.0080220732947856,1.8603,,,,-0.00565,0.02501,0.01163,,,,,,,-0.09191,0.39533,0.18159,,-0.14028,0.52741,0.24242,,,,,,,,,,,,,,CLAS_EG1b
3.4478,0.0080220732947856,1.9002,,,,-0.00089,0.02586,0.01284,,,,,,,0.00442,0.37736,0.18831,,-0.00694,0.49736,0.24875,,,,,,,,,,,,,,CLAS_EG1b
3.4482,0.0080220732947856,1.9402,,,,0.00302,0.02663,0.01393,,,,,,,0.04574,0.35408,0.1857,,0.04596,0.46128,0.24239,,,,,,,,,,,,,,CLAS_EG1b
3.4481,0.0080220732947856,1.9802,,,,0.02327,0.02767,0.01405,,,,,,,0.28195,0.33361,0.17163,,0.3503,0.42979,0.22175,,,,,,,,,,,,,,CLAS_EG1b
3.4489,0.0080220732947856,2.0201,,,,-0.03428,0.02853,0.01283,,,,,,,-0.39153,0.31241,0.14143,,-0.51319,0.3982,0.18106,,,,,,,,,,,,,,CLAS_EG1b
3.448,0.0080220732947856,2.0602,,,,-0.01407,0.02931,0.01563,,,,,,,-0.14168,0.29302,0.15044,,-0.18964,0.36967,0.18966,,,,,,,,,,,,,,CLAS_EG1b
3.4473,0.0080220732947856,2.1002,,,,0.0434,0.0301,0.01937,,,,,,,0.39216,0.27653,0.17667,,0.4792,0.34547,0.2212,,,,,,,,,,,,,,CLAS_EG1b
3.4412,0.0080220732947856,2.14,,,,0.02029,0.03142,0.01823,,,,,,,0.17081,0.26688,0.1578,,0.2023,0.3303,0.19659,,,,,,,,,,,,,,CLAS_EG1b
3.4264,0.0080220732947856,2.1799,,,,-0.04392,0.03337,0.01865,,,,,,,-0.34686,0.26342,0.14479,,-0.43351,0.32309,0.1782,,,,,,,,,,,,,,CLAS_EG1b
3.4131,0.0080220732947856,2.2199,,,,0.06201,0.03564,0.02278,,,,,,,0.45655,0.26251,0.16665,,0.54777,0.31919,0.20316,,,,,,,,,,,,,,CLAS_EG1b
3.4079,0.0080220732947856,2.2598,,,,0.00933,0.03828,0.02355,,,,,,,0.065,0.26415,0.16404,,0.07183,0.31854,0.19871,,,,,,,,,,,,,,CLAS_EG1b
3.4105,0.0080220732947856,2.2997,,,,-0.01512,0.04235,0.02287,,,,,,,-0.10452,0.27481,0.14808,,-0.13203,0.3288,0.17777,,,,,,,,,,,,,,CLAS_EG1b
3.4304,0.0080220732947856,2.3395,,,,-0.0167,0.04681,0.02299,,,,,,,-0.10066,0.28614,0.14041,,-0.12471,0.3398,0.16732,,,,,,,,,,,,,,CLAS_EG1b
3.3976,0.0080220732947856,2.3791,,,,-0.04629,0.05371,0.02282,,,,,,,-0.26766,0.31084,0.13202,,-0.32038,0.36646,0.15623,,,,,,,,,,,,,,CLAS_EG1b
3.3151,0.0080220732947856,2.4181,,,,-0.06318,0.07013,0.02408,,,,,,,-0.34579,0.38513,0.13026,,-0.40879,0.45069,0.15294,,,,,,,,,,,,,,CLAS_EG1b
4.1064,0.0080220732947856,1.6203,,,,-0.01265,0.01757,0.00674,,,,,,,-0.50504,0.60703,0.23454,,-0.77951,0.86316,0.33345,,,,,,,,,,,,,,CLAS_EG1b
4.1082,0.0080220732947856,1.6603,,,,0.00489,0.01855,0.00809,,,,,,,0.19834,0.47366,0.20057,,0.23541,0.66465,0.2802,,,,,,,,,,,,,,CLAS_EG1b
4.1086,0.0080220732947856,1.7004,,,,0.02937,0.01913,0.00956,,,,,,,0.60256,0.39197,0.20985,,0.7965,0.54346,0.29077,,,,,,,,,,,,,,CLAS_EG1b
4.1102,0.0080220732947856,1.7403,,,,0.00277,0.01966,0.00975,,,,,,,0.05544,0.44987,0.22253,,0.04667,0.61636,0.30408,,,,,,,,,,,,,,CLAS_EG1b
4.1093,0.0080220732947856,1.7803,,,,0.01704,0.02026,0.01059,,,,,,,0.4236,0.50244,0.25866,,0.55029,0.68014,0.3493,,,,,,,,,,,,,,CLAS_EG1b
4.1066,0.0080220732947856,1.8202,,,,0.01452,0.0209,0.01086,,,,,,,0.33784,0.50851,0.26224,,0.4298,0.68048,0.35118,,,,,,,,,,,,,,CLAS_EG1b
4.0939,0.0080220732947856,1.8601,,,,-0.0028,0.02154,0.00981,,,,,,,-0.06015,0.4922,0.22631,,-0.09579,0.65151,0.30033,,,,,,,,,,,,,,CLAS_EG1b
4.0821,0.0080220732947856,1.9,,,,-0.01008,0.02267,0.00938,,,,,,,-0.19873,0.47552,0.19653,,-0.27433,0.62282,0.25788,,,,,,,,,,,,,,CLAS_EG1b
4.0698,0.0080220732947856,1.9401,,,,0.01112,0.0239,0.009,,,,,,,0.19135,0.45374,0.17246,,0.2308,0.58819,0.22412,,,,,,,,,,,,,,CLAS_EG1b
4.0587,0.0080220732947856,2.0199,,,,-0.01012,0.02722,0.0085,,,,,,,-0.14421,0.4203,0.12775,,-0.19429,0.53429,0.16251,,,,,,,,,,,,,,CLAS_EG1b
4.065,0.0080220732947856,2.0598,,,,-0.00835,0.02923,0.01054,,,,,,,-0.12267,0.40976,0.14606,,-0.16657,0.51607,0.18428,,,,,,,,,,,,,,CLAS_EG1b
4.0761,0.0080220732947856,2.0996,,,,0.00311,0.03214,0.01294,,,,,,,0.03301,0.41185,0.16261,,0.02987,0.51405,0.20316,,,,,,,,,,,,,,CLAS_EG1b
4.0797,0.0080220732947856,2.1397,,,,-0.00984,0.03572,0.01425,,,,,,,-0.11959,0.42109,0.16778,,-0.1581,0.52109,0.20823,,,,,,,,,,,,,,CLAS_EG1b
4.0495,0.0080220732947856,2.1798,,,,-0.0175,0.04001,0.0152,,,,,,,-0.20102,0.43616,0.16386,,-0.25697,0.53531,0.20154,,,,,,,,,,,,,,CLAS_EG1b
4.0065,0.0080220732947856,2.2196,,,,-0.02958,0.04603,0.01552,,,,,,,-0.3093,0.46645,0.15697,,-0.38612,0.56795,0.19182,,,,,,,,,,,,,,CLAS_EG1b
3.9588,0.0080220732947856,2.2593,,,,-0.08279,0.05509,0.02053,,,,,,,-0.78949,0.52099,0.18899,,-0.96234,0.62947,0.22833,,,,,,,,,,,,,,CLAS_EG1b
3.8971,0.0080220732947856,2.2979,,,,-0.00503,0.07863,0.04664,,,,,,,-0.04185,0.69945,0.39695,,-0.05685,0.83918,0.47412,,,,,,,,,,,,,,CLAS_EG1b
4.8328,0.0080220732947856,1.7003,,,,0.01685,0.01797,0.00816,,,,,,,0.55636,0.57839,0.28292,,0.72682,0.78865,0.38469,,,,,,,,,,,,,,CLAS_EG1b
0.01739,0.0080220732947856,1.7416,,,,0.51068,1.1242,0.154,,,,,,,0.37073,0.81275,0.11226,,0.37424,0.82333,0.11366,,,,,,,,,,,,,,CLAS_EG1b
0.02078,0.0080220732947856,1.7037,,,,-0.79744,1.0688,0.09479,,,,,,,-0.57048,0.8176,0.07148,,-0.58107,0.83196,0.07267,,,,,,,,,,,,,,CLAS_EG1b
0.02068,0.0080220732947856,1.7409,,,,-1.0158,0.95785,0.12184,,,,,,,-0.7432,0.69726,0.08997,,-0.7563,0.70807,0.09138,,,,,,,,,,,,,,CLAS_EG1b
0.02062,0.0080220732947856,1.7796,,,,-0.24031,1.015,0.22743,,,,,,,-0.16002,0.70517,0.15427,,-0.16542,0.71482,0.15629,,,,,,,,,,,,,,CLAS_EG1b
0.02477,0.0080220732947856,1.6226,,,,0.21867,0.73171,0.04922,,,,,,,0.2062,0.69247,0.04611,,0.20181,0.71165,0.04746,,,,,,,,,,,,,,CLAS_EG1b
0.02468,0.0080220732947856,1.6604,,,,-0.18142,0.65588,0.06162,,,,,,,-0.13103,0.58601,0.05276,,-0.13884,0.60011,0.05401,,,,,,,,,,,,,,CLAS_EG1b
0.02462,0.0080220732947856,1.702,,,,-0.15159,0.55223,0.08039,,,,,,,-0.0999,0.42521,0.06377,,-0.1034,0.43407,0.06513,,,,,,,,,,,,,,CLAS_EG1b
0.0245,0.0080220732947856,1.7406,,,,-0.86197,0.59084,0.08421,,,,,,,-0.62899,0.43179,0.06344,,-0.64177,0.4397,0.06466,,,,,,,,,,,,,,CLAS_EG1b
0.02441,0.0080220732947856,1.7781,,,,0.70088,0.73962,0.28215,,,,,,,0.48609,0.51898,0.1968,,0.49001,0.52746,0.19973,,,,,,,,,,,,,,CLAS_EG1b
0.02973,0.0080220732947856,1.5014,,,,0.07847,0.74895,0.1655,,,,,,,0.06995,0.70756,0.16434,,0.06132,0.74523,0.17347,,,,,,,,,,,,,,CLAS_EG1b
0.02961,0.0080220732947856,1.5419,,,,0.2151,0.57523,0.13388,,,,,,,0.20472,0.54617,0.12732,,0.1974,0.57064,0.13353,,,,,,,,,,,,,,CLAS_EG1b
0.02946,0.0080220732947856,1.5812,,,,-0.33734,0.4868,0.08471,,,,,,,-0.32116,0.46339,0.08123,,-0.34787,0.4811,0.08465,,,,,,,,,,,,,,CLAS_EG1b
0.02934,0.0080220732947856,1.6213,,,,-0.25115,0.41129,0.05501,,,,,,,-0.23996,0.38994,0.05266,,-0.25966,0.40273,0.05449,,,,,,,,,,,,,,CLAS_EG1b
0.02928,0.0080220732947856,1.6614,,,,0.08915,0.40255,0.0428,,,,,,,0.07905,0.3592,0.03846,,0.07491,0.36937,0.03964,,,,,,,,,,,,,,CLAS_EG1b
0.02911,0.0080220732947856,1.7,,,,-0.38311,0.38415,0.04639,,,,,,,-0.29511,0.29827,0.03579,,-0.30475,0.30563,0.03669,,,,,,,,,,,,,,CLAS_EG1b
0.02909,0.0080220732947856,1.7406,,,,0.49683,0.56608,0.08568,,,,,,,0.36567,0.41777,0.06247,,0.3729,0.42698,0.06373,,,,,,,,,,,,,,CLAS_EG1b
0.0291,0.0080220732947856,1.7785,,,,-1.2679,1.1265,0.15495,,,,,,,-0.89204,0.79317,0.10951,,-0.91347,0.80847,0.11154,,,,,,,,,,,,,,CLAS_EG1b
0.03537,0.0080220732947856,1.3808,,,,-0.44283,0.60567,0.09898,,,,,,,-0.58631,0.80689,0.12998,,-0.68662,0.89582,0.14345,,,,,,,,,,,,,,CLAS_EG1b
0.03545,0.0080220732947856,1.4219,,,,-0.21738,0.47676,0.11588,,,,,,,-0.27443,0.60915,0.14383,,-0.32712,0.66416,0.15697,,,,,,,,,,,,,,CLAS_EG1b
0.03529,0.0080220732947856,1.461,,,,-0.24891,0.42322,0.13231,,,,,,,-0.30651,0.47106,0.14529,,-0.35299,0.5062,0.15645,,,,,,,,,,,,,,CLAS_EG1b
0.03514,0.0080220732947856,1.5008,,,,-0.65707,0.37086,0.13813,,,,,,,-0.62218,0.35141,0.13657,,-0.6768,0.37336,0.14549,,,,,,,,,,,,,,CLAS_EG1b
0.03497,0.0080220732947856,1.5404,,,,0.17354,0.3358,0.11876,,,,,,,0.16571,0.32006,0.11295,,0.15698,0.33698,0.11936,,,,,,,,,,,,,,CLAS_EG1b
0.03491,0.0080220732947856,1.581,,,,-0.57147,0.31171,0.08268,,,,,,,-0.54504,0.29728,0.07919,,-0.58779,0.31066,0.08312,,,,,,,,,,,,,,CLAS_EG1b
0.03477,0.0080220732947856,1.62,,,,-0.44212,0.30164,0.05113,,,,,,,-0.42047,0.2867,0.0496,,-0.45038,0.29781,0.05171,,,,,,,,,,,,,,CLAS_EG1b
0.03472,0.0080220732947856,1.6607,,,,-0.5113,0.30398,0.04564,,,,,,,-0.45891,0.2726,0.04143,,-0.48178,0.28171,0.04289,,,,,,,,,,,,,,CLAS_EG1b
0.03463,0.0080220732947856,1.6991,,,,-0.62492,0.55953,0.06063,,,,,,,-0.49146,0.43759,0.0496,,-0.50914,0.45042,0.05118,,,,,,,,,,,,,,CLAS_EG1b
0.03475,0.0080220732947856,1.7404,,,,-0.72743,0.6928,0.07085,,,,,,,-0.54315,0.51236,0.05495,,-0.55861,0.52558,0.05649,,,,,,,,,,,,,,CLAS_EG1b
0.03474,0.0080220732947856,1.7796,,,,-0.67203,0.90215,0.63763,,,,,,,-0.48644,0.64022,0.43875,,-0.50281,0.65491,0.44781,,,,,,,,,,,,,,CLAS_EG1b
0.03583,0.0080220732947856,2.0604,,,,0.70726,1.3194,0.18244,,,,,,,0.36371,0.67108,0.09767,,0.36983,0.67841,0.09885,,,,,,,,,,,,,,CLAS_EG1b
0.04262,0.0080220732947856,1.2216,,,,0.13895,0.68986,0.10611,,,,,,,0.06812,0.40364,0.07615,,0.10074,0.54492,0.10561,,,,,,,,,,,,,,CLAS_EG1b
0.04254,0.0080220732947856,1.261,,,,-0.54971,0.48439,0.09473,,,,,,,-0.38602,0.365,0.06756,,-0.51734,0.46266,0.08467,,,,,,,,,,,,,,CLAS_EG1b
0.04214,0.0080220732947856,1.2998,,,,0.52869,0.39476,0.06601,,,,,,,0.543,0.40826,0.05931,,0.62467,0.4924,0.0696,,,,,,,,,,,,,,CLAS_EG1b
0.04195,0.0080220732947856,1.3401,,,,0.15612,0.35753,0.05991,,,,,,,0.2362,0.44627,0.07489,,0.22512,0.51835,0.08345,,,,,,,,,,,,,,CLAS_EG1b
0.04212,0.0080220732947856,1.3813,,,,-0.29532,0.3012,0.08345,,,,,,,-0.38909,0.39881,0.10872,,-0.47804,0.45061,0.12112,,,,,,,,,,,,,,CLAS_EG1b
0.04183,0.0080220732947856,1.4205,,,,-0.43358,0.27088,0.1015,,,,,,,-0.55508,0.34642,0.12603,,-0.64805,0.38309,0.13931,,,,,,,,,,,,,,CLAS_EG1b
0.04163,0.0080220732947856,1.4602,,,,0.14664,0.27228,0.11246,,,,,,,0.14549,0.30478,0.12457,,0.13069,0.33142,0.13586,,,,,,,,,,,,,,CLAS_EG1b
0.04151,0.0080220732947856,1.4999,,,,-0.60367,0.27595,0.11427,,,,,,,-0.57339,0.26279,0.11371,,-0.63448,0.2821,0.12247,,,,,,,,,,,,,,CLAS_EG1b
0.04152,0.0080220732947856,1.5403,,,,-0.51213,0.26405,0.0942,,,,,,,-0.49122,0.25318,0.09012,,-0.54159,0.26892,0.09623,,,,,,,,,,,,,,CLAS_EG1b
0.04144,0.0080220732947856,1.5801,,,,0.08285,0.24951,0.05706,,,,,,,0.07954,0.2395,0.05471,,0.06279,0.25223,0.05807,,,,,,,,,,,,,,CLAS_EG1b
0.04143,0.0080220732947856,1.6202,,,,0.1361,0.31099,0.03352,,,,,,,0.12943,0.29732,0.03104,,0.11885,0.31108,0.03251,,,,,,,,,,,,,,CLAS_EG1b
0.04142,0.0080220732947856,1.6601,,,,-0.12869,0.40405,0.03759,,,,,,,-0.09907,0.36549,0.03283,,-0.11118,0.38002,0.03417,,,,,,,,,,,,,,CLAS_EG1b
0.04143,0.0080220732947856,1.6999,,,,-0.3701,0.50199,0.03628,,,,,,,-0.28225,0.39491,0.03011,,-0.29541,0.40867,0.03137,,,,,,,,,,,,,,CLAS_EG1b
0.04142,0.0080220732947856,1.7401,,,,0.02261,0.57545,0.1,,,,,,,0.01897,0.42871,0.07428,,0.01892,0.44182,0.07646,,,,,,,,,,,,,,CLAS_EG1b
0.04297,0.0080220732947856,1.9848,,,,0.82088,0.99754,0.09655,,,,,,,0.45128,0.54856,0.05312,,0.46054,0.5572,0.05393,,,,,,,,,,,,,,CLAS_EG1b
0.04257,0.0080220732947856,2.0234,,,,-1.501,0.63771,0.10199,,,,,,,-0.79511,0.33891,0.05553,,-0.80362,0.34371,0.05638,,,,,,,,,,,,,,CLAS_EG1b
0.04201,0.0080220732947856,2.0571,,,,-0.31841,0.5062,0.06866,,,,,,,-0.16338,0.26112,0.03702,,-0.16308,0.26448,0.03757,,,,,,,,,,,,,,CLAS_EG1b
0.05035,0.0080220732947856,1.1814,,,,0.4125,0.35426,0.08341,,,,,,,0.21301,0.28519,0.06713,,0.27785,0.43831,0.10985,,,,,,,,,,,,,,CLAS_EG1b
0.04995,0.0080220732947856,1.2202,,,,-0.64488,0.32118,0.10953,,,,,,,-0.37316,0.18366,0.06779,,-0.53589,0.25811,0.09693,,,,,,,,,,,,,,CLAS_EG1b
0.04965,0.0080220732947856,1.2592,,,,0.06463,0.28921,0.08894,,,,,,,0.03729,0.21114,0.05954,,0.02696,0.27646,0.07721,,,,,,,,,,,,,,CLAS_EG1b
0.04994,0.0080220732947856,1.3,,,,-0.28425,0.25868,0.04989,,,,,,,-0.30549,0.26407,0.04677,,-0.41183,0.32727,0.05227,,,,,,,,,,,,,,CLAS_EG1b
0.04989,0.0080220732947856,1.3404,,,,0.09471,0.21592,0.04759,,,,,,,0.11204,0.26721,0.05929,,0.09212,0.31761,0.06438,,,,,,,,,,,,,,CLAS_EG1b
0.04956,0.0080220732947856,1.3798,,,,0.10819,0.19892,0.06832,,,,,,,0.14281,0.26272,0.08843,,0.11894,0.30259,0.09911,,,,,,,,,,,,,,CLAS_EG1b
0.04952,0.0080220732947856,1.4199,,,,-0.48561,0.21028,0.0858,,,,,,,-0.61225,0.27013,0.10652,,-0.72572,0.30371,0.11934,,,,,,,,,,,,,,CLAS_EG1b
0.04943,0.0080220732947856,1.4597,,,,0.11813,0.23015,0.09139,,,,,,,0.11357,0.25881,0.10302,,0.09196,0.28537,0.11409,,,,,,,,,,,,,,CLAS_EG1b
0.04946,0.0080220732947856,1.5,,,,-0.15552,0.24318,0.08639,,,,,,,-0.15091,0.23317,0.08732,,-0.18606,0.25336,0.09535,,,,,,,,,,,,,,CLAS_EG1b
0.04951,0.0080220732947856,1.5401,,,,-0.2195,0.24198,0.06961,,,,,,,-0.21244,0.23389,0.06712,,-0.25118,0.25113,0.07247,,,,,,,,,,,,,,CLAS_EG1b
0.04949,0.0080220732947856,1.5801,,,,-0.13266,0.2602,0.04311,,,,,,,-0.12858,0.25223,0.04178,,-0.16084,0.26811,0.04477,,,,,,,,,,,,,,CLAS_EG1b
0.04945,0.0080220732947856,1.6201,,,,0.07732,0.30043,0.02107,,,,,,,0.07429,0.29045,0.0202,,0.05868,0.30626,0.02128,,,,,,,,,,,,,,CLAS_EG1b
0.04938,0.0080220732947856,1.6596,,,,0.02756,0.35585,0.03145,,,,,,,0.03292,0.32616,0.02547,,0.02433,0.3415,0.02654,,,,,,,,,,,,,,CLAS_EG1b
0.04945,0.0080220732947856,1.7006,,,,0.57157,0.43927,0.06401,,,,,,,0.45732,0.34941,0.04944,,0.4717,0.36379,0.05147,,,,,,,,,,,,,,CLAS_EG1b
0.04937,0.0080220732947856,1.7394,,,,-1.0097,0.72443,0.12219,,,,,,,-0.76812,0.54996,0.09075,,-0.79685,0.57032,0.09396,,,,,,,,,,,,,,CLAS_EG1b
0.05165,0.0080220732947856,1.8646,,,,-0.6601,1.2078,0.13743,,,,,,,-0.43214,0.77323,0.09257,,-0.44752,0.79329,0.09497,,,,,,,,,,,,,,CLAS_EG1b
0.05129,0.0080220732947856,1.9038,,,,-0.06872,0.6264,0.04051,,,,,,,-0.04153,0.38097,0.02537,,-0.04365,0.38978,0.02555,,,,,,,,,,,,,,CLAS_EG1b
0.05071,0.0080220732947856,1.9422,,,,-0.16314,0.44866,0.04323,,,,,,,-0.09649,0.26142,0.02506,,-0.098,0.26682,0.02533,,,,,,,,,,,,,,CLAS_EG1b
0.05022,0.0080220732947856,1.9817,,,,-0.36304,0.35561,0.05574,,,,,,,-0.20642,0.19942,0.03118,,-0.20801,0.2031,0.03169,,,,,,,,,,,,,,CLAS_EG1b
0.04985,0.0080220732947856,2.0219,,,,-0.715,0.31019,0.06016,,,,,,,-0.38612,0.16783,0.03274,,-0.38941,0.17062,0.03333,,,,,,,,,,,,,,CLAS_EG1b
0.04949,0.0080220732947856,2.0552,,,,-0.46225,0.34917,0.04755,,,,,,,-0.24018,0.18349,0.02532,,-0.24094,0.18627,0.02577,,,,,,,,,,,,,,CLAS_EG1b
0.0592,0.0080220732947856,1.1405,,,,0.12005,0.19087,0.03686,,,,,,,0.05011,0.4719,0.10312,,-0.08939,0.87623,0.21392,,,,,,,,,,,,,,CLAS_EG1b
0.05896,0.0080220732947856,1.1801,,,,-0.38072,0.25081,0.08734,,,,,,,-0.27798,0.20443,0.05976,,-0.46631,0.33063,0.1022,,,,,,,,,,,,,,CLAS_EG1b
0.05931,0.0080220732947856,1.2201,,,,-0.82885,0.2606,0.11455,,,,,,,-0.46754,0.14601,0.07014,,-0.69522,0.2144,0.10741,,,,,,,,,,,,,,CLAS_EG1b
0.05948,0.0080220732947856,1.26,,,,0.33582,0.22457,0.09079,,,,,,,0.24202,0.16171,0.05825,,0.30235,0.21991,0.07908,,,,,,,,,,,,,,CLAS_EG1b
0.05915,0.0080220732947856,1.2995,,,,-0.16698,0.19103,0.04794,,,,,,,-0.15818,0.19195,0.0435,,-0.24633,0.24536,0.04736,,,,,,,,,,,,,,CLAS_EG1b
0.05896,0.0080220732947856,1.3394,,,,-0.07752,0.17908,0.04569,,,,,,,-0.11173,0.22009,0.05655,,-0.18121,0.26847,0.05908,,,,,,,,,,,,,,CLAS_EG1b
0.05901,0.0080220732947856,1.3797,,,,-0.40888,0.17512,0.06054,,,,,,,-0.53775,0.23164,0.07867,,-0.69013,0.27277,0.08806,,,,,,,,,,,,,,CLAS_EG1b
0.05904,0.0080220732947856,1.4196,,,,-0.32139,0.18516,0.07008,,,,,,,-0.41545,0.2391,0.08789,,-0.52658,0.27402,0.09989,,,,,,,,,,,,,,CLAS_EG1b
0.05911,0.0080220732947856,1.46,,,,-0.09287,0.21014,0.06965,,,,,,,-0.10835,0.23808,0.07985,,-0.16022,0.26689,0.08994,,,,,,,,,,,,,,CLAS_EG1b
0.05915,0.0080220732947856,1.5002,,,,-0.01021,0.20887,0.06121,,,,,,,-0.01045,0.20221,0.06302,,-0.03863,0.22282,0.06986,,,,,,,,,,,,,,CLAS_EG1b
0.05902,0.0080220732947856,1.5398,,,,-0.06936,0.2149,0.04831,,,,,,,-0.06803,0.21004,0.04714,,-0.1012,0.2283,0.05146,,,,,,,,,,,,,,CLAS_EG1b
0.059,0.0080220732947856,1.5799,,,,-0.10657,0.24461,0.03611,,,,,,,-0.10452,0.24024,0.03561,,-0.14273,0.25811,0.03839,,,,,,,,,,,,,,CLAS_EG1b
0.05901,0.0080220732947856,1.62,,,,-0.25708,0.27647,0.02857,,,,,,,-0.25233,0.27131,0.02836,,-0.29162,0.28869,0.03019,,,,,,,,,,,,,,CLAS_EG1b
0.05893,0.0080220732947856,1.6596,,,,-0.04534,0.31529,0.03043,,,,,,,-0.04183,0.29367,0.02698,,-0.05646,0.31,0.02874,,,,,,,,,,,,,,CLAS_EG1b
0.05907,0.0080220732947856,1.7007,,,,-0.50561,0.50282,0.053,,,,,,,-0.40918,0.40826,0.04212,,-0.43476,0.42823,0.04451,,,,,,,,,,,,,,CLAS_EG1b
0.05902,0.0080220732947856,1.7391,,,,-1.0895,0.64833,0.07963,,,,,,,-0.83771,0.49924,0.06087,,-0.87385,0.52058,0.06373,,,,,,,,,,,,,,CLAS_EG1b
0.05922,0.0080220732947856,1.7789,,,,0.60232,0.46979,0.0824,,,,,,,0.44373,0.34705,0.06133,,0.45363,0.36018,0.06372,,,,,,,,,,,,,,CLAS_EG1b
0.06076,0.0080220732947856,1.8217,,,,-0.32049,0.44736,0.05826,,,,,,,-0.22144,0.31201,0.04203,,-0.23594,0.3227,0.04307,,,,,,,,,,,,,,CLAS_EG1b
0.06042,0.0080220732947856,1.8627,,,,-0.5709,0.32149,0.04194,,,,,,,-0.3794,0.21142,0.02791,,-0.39544,0.21783,0.02787,,,,,,,,,,,,,,CLAS_EG1b
0.05975,0.0080220732947856,1.9009,,,,-0.49784,0.25622,0.04435,,,,,,,-0.31339,0.16031,0.02823,,-0.32344,0.16464,0.0284,,,,,,,,,,,,,,CLAS_EG1b
0.0594,0.0080220732947856,1.9408,,,,-0.36064,0.24116,0.04662,,,,,,,-0.21592,0.1443,0.02792,,-0.22048,0.14778,0.02824,,,,,,,,,,,,,,CLAS_EG1b
0.05916,0.0080220732947856,1.9805,,,,0.20232,0.24139,0.05154,,,,,,,0.11434,0.13897,0.02962,,0.11942,0.14198,0.03012,,,,,,,,,,,,,,CLAS_EG1b
0.059,0.0080220732947856,2.0203,,,,-0.44302,0.24269,0.05225,,,,,,,-0.24445,0.13482,0.02917,,-0.24558,0.13746,0.02966,,,,,,,,,,,,,,CLAS_EG1b
0.05889,0.0080220732947856,2.0538,,,,0.15674,0.41224,0.04442,,,,,,,0.08702,0.22306,0.0243,,0.09196,0.22711,0.02461,,,,,,,,,,,,,,CLAS_EG1b
0.07071,0.0080220732947856,1.1407,,,,0.25771,0.16315,0.04476,,,,,,,0.56634,0.40044,0.08612,,0.94765,0.79248,0.15979,,,,,,,,,,,,,,CLAS_EG1b
0.07051,0.0080220732947856,1.22,,,,-0.53411,0.21042,0.11125,,,,,,,-0.29314,0.1157,0.07062,,-0.45896,0.17808,0.11836,,,,,,,,,,,,,,CLAS_EG1b
0.07046,0.0080220732947856,1.2593,,,,-0.37001,0.19479,0.09207,,,,,,,-0.26102,0.13734,0.06008,,-0.39876,0.19444,0.08496,,,,,,,,,,,,,,CLAS_EG1b
0.07057,0.0080220732947856,1.2994,,,,0.14642,0.17761,0.05341,,,,,,,0.14532,0.17714,0.04612,,0.14497,0.2344,0.0513,,,,,,,,,,,,,,CLAS_EG1b
0.07059,0.0080220732947856,1.3396,,,,0.02387,0.16168,0.04054,,,,,,,0.01859,0.19873,0.04917,,-0.03202,0.24973,0.04464,,,,,,,,,,,,,,CLAS_EG1b
0.07041,0.0080220732947856,1.3795,,,,0.0464,0.15643,0.04951,,,,,,,0.05754,0.20782,0.06435,,0.01082,0.25096,0.06914,,,,,,,,,,,,,,CLAS_EG1b
0.07056,0.0080220732947856,1.4199,,,,-0.39751,0.16565,0.05666,,,,,,,-0.5224,0.2155,0.07184,,-0.67402,0.25234,0.08196,,,,,,,,,,,,,,CLAS_EG1b
0.07057,0.0080220732947856,1.4601,,,,0.26958,0.1784,0.05388,,,,,,,0.29125,0.20408,0.06308,,0.28406,0.23304,0.07217,,,,,,,,,,,,,,CLAS_EG1b
0.07043,0.0080220732947856,1.4997,,,,-0.14747,0.18956,0.04351,,,,,,,-0.14637,0.18592,0.04559,,-0.19507,0.2082,0.05119,,,,,,,,,,,,,,CLAS_EG1b
0.07056,0.0080220732947856,1.54,,,,-0.05189,0.20065,0.03324,,,,,,,-0.0511,0.19906,0.0329,,-0.08958,0.21941,0.03597,,,,,,,,,,,,,,CLAS_EG1b
0.0706,0.0080220732947856,1.58,,,,0.02852,0.21565,0.02739,,,,,,,0.02849,0.21544,0.02747,,-0.00335,0.2343,0.02936,,,,,,,,,,,,,,CLAS_EG1b
0.07061,0.0080220732947856,1.6197,,,,-0.30783,0.22764,0.02519,,,,,,,-0.30796,0.22773,0.02545,,-0.35772,0.24499,0.02692,,,,,,,,,,,,,,CLAS_EG1b
0.07089,0.0080220732947856,1.6609,,,,-0.30353,0.27083,0.02588,,,,,,,-0.29158,0.25727,0.0244,,-0.32559,0.27423,0.02636,,,,,,,,,,,,,,CLAS_EG1b
0.07091,0.0080220732947856,1.7006,,,,-0.3042,0.25981,0.03496,,,,,,,-0.24542,0.21346,0.02887,,-0.265,0.22567,0.03138,,,,,,,,,,,,,,CLAS_EG1b
0.07085,0.0080220732947856,1.7397,,,,0.34423,0.22088,0.04132,,,,,,,0.27221,0.17437,0.03239,,0.28581,0.18322,0.03477,,,,,,,,,,,,,,CLAS_EG1b
0.07068,0.0080220732947856,1.7776,,,,0.03321,0.2209,0.03452,,,,,,,0.02694,0.16783,0.02639,,0.02079,0.17534,0.02773,,,,,,,,,,,,,,CLAS_EG1b
0.07131,0.0080220732947856,1.8214,,,,0.043,0.21328,0.02204,,,,,,,0.03063,0.15315,0.01614,,0.02387,0.15927,0.01537,,,,,,,,,,,,,,CLAS_EG1b
0.07069,0.0080220732947856,1.8603,,,,-0.13093,0.19018,0.02096,,,,,,,-0.08692,0.12926,0.01414,,-0.09489,0.13384,0.01231,,,,,,,,,,,,,,CLAS_EG1b
0.07057,0.0080220732947856,1.9002,,,,-0.25045,0.19221,0.02774,,,,,,,-0.15811,0.12408,0.01784,,-0.16456,0.12801,0.01705,,,,,,,,,,,,,,CLAS_EG1b
0.07035,0.0080220732947856,1.9398,,,,-0.14752,0.20183,0.03697,,,,,,,-0.09223,0.12464,0.02262,,-0.09415,0.12819,0.02256,,,,,,,,,,,,,,CLAS_EG1b
0.07051,0.0080220732947856,1.9805,,,,-0.43993,0.23231,0.04447,,,,,,,-0.258,0.13822,0.02628,,-0.26138,0.14179,0.02661,,,,,,,,,,,,,,CLAS_EG1b
0.07052,0.0080220732947856,2.0205,,,,0.04691,0.31658,0.04358,,,,,,,0.02815,0.18148,0.02514,,0.03302,0.18571,0.02552,,,,,,,,,,,,,,CLAS_EG1b
0.07026,0.0080220732947856,2.0522,,,,-0.16114,0.49514,0.03343,,,,,,,-0.08923,0.27539,0.01889,,-0.0874,0.28127,0.01911,,,,,,,,,,,,,,CLAS_EG1b
0.07271,0.0080220732947856,2.6625,,,,-0.67005,1.3254,0.22001,,,,,,,-0.23947,0.47018,0.07937,,-0.24002,0.47324,0.07991,,,,,,,,,,,,,,CLAS_EG1b
0.08427,0.0080220732947856,1.1406,,,,0.00432,0.13266,0.03536,,,,,,,-0.09303,0.32527,0.20871,,-0.37447,0.68474,0.5137,,,,,,,,,,,,,,CLAS_EG1b
0.08416,0.0080220732947856,1.1804,,,,-0.34679,0.17537,0.08261,,,,,,,-0.302,0.13861,0.05645,,-0.57318,0.25057,0.12665,,,,,,,,,,,,,,CLAS_EG1b
0.08412,0.0080220732947856,1.2198,,,,-0.66093,0.1888,0.10904,,,,,,,-0.36095,0.10231,0.06576,,-0.59007,0.16564,0.12279,,,,,,,,,,,,,,CLAS_EG1b
0.08414,0.0080220732947856,1.2594,,,,-0.133,0.17736,0.08938,,,,,,,-0.10043,0.1237,0.05686,,-0.17671,0.183,0.08992,,,,,,,,,,,,,,CLAS_EG1b
0.08413,0.0080220732947856,1.2993,,,,0.19777,0.16407,0.05032,,,,,,,0.1814,0.16275,0.04436,,0.20045,0.22368,0.0513,,,,,,,,,,,,,,CLAS_EG1b
0.08418,0.0080220732947856,1.3394,,,,-0.07219,0.15081,0.03824,,,,,,,-0.08935,0.186,0.0463,,-0.18547,0.24136,0.03381,,,,,,,,,,,,,,CLAS_EG1b
0.08443,0.0080220732947856,1.38,,,,0.10267,0.14153,0.03894,,,,,,,0.13747,0.18962,0.05081,,0.09592,0.23553,0.04678,,,,,,,,,,,,,,CLAS_EG1b
0.08446,0.0080220732947856,1.4201,,,,-0.29431,0.14192,0.03773,,,,,,,-0.38647,0.18679,0.04883,,-0.53533,0.22412,0.05336,,,,,,,,,,,,,,CLAS_EG1b
0.08471,0.0080220732947856,1.4601,,,,-0.12314,0.15434,0.03363,,,,,,,-0.13806,0.17902,0.03979,,-0.21645,0.20888,0.04556,,,,,,,,,,,,,,CLAS_EG1b
0.08481,0.0080220732947856,1.5003,,,,-0.36334,0.15599,0.0289,,,,,,,-0.36179,0.15567,0.03015,,-0.45187,0.17765,0.03483,,,,,,,,,,,,,,CLAS_EG1b
0.08472,0.0080220732947856,1.54,,,,-0.14529,0.15868,0.02565,,,,,,,-0.14705,0.16046,0.02606,,-0.20278,0.1798,0.02987,,,,,,,,,,,,,,CLAS_EG1b
0.08454,0.0080220732947856,1.5799,,,,-0.07851,0.15743,0.02351,,,,,,,-0.08019,0.16069,0.02408,,-0.12883,0.17725,0.02721,,,,,,,,,,,,,,CLAS_EG1b
0.08471,0.0080220732947856,1.62,,,,0.11215,0.16095,0.02012,,,,,,,0.11499,0.16491,0.02044,,0.09378,0.17963,0.02249,,,,,,,,,,,,,,CLAS_EG1b
0.08469,0.0080220732947856,1.6606,,,,-0.20066,0.1374,0.01805,,,,,,,-0.19815,0.13343,0.01745,,-0.23049,0.14376,0.01899,,,,,,,,,,,,,,CLAS_EG1b
0.08421,0.0080220732947856,1.6998,,,,0.02508,0.14419,0.02566,,,,,,,0.01967,0.12258,0.02183,,0.01249,0.13089,0.02385,,,,,,,,,,,,,,CLAS_EG1b
0.08422,0.0080220732947856,1.7403,,,,0.01304,0.15773,0.03313,,,,,,,0.01094,0.1283,0.02698,,0.01147,0.13594,0.02892,,,,,,,,,,,,,,CLAS_EG1b
0.08429,0.0080220732947856,1.7778,,,,-0.34823,0.1609,0.03047,,,,,,,-0.27754,0.1263,0.02449,,-0.30119,0.13296,0.02506,,,,,,,,,,,,,,CLAS_EG1b
0.0841,0.0080220732947856,1.8199,,,,0.00937,0.16482,0.02243,,,,,,,0.00579,0.12274,0.01725,,-0.00296,0.12849,0.01516,,,,,,,,,,,,,,CLAS_EG1b
0.08404,0.0080220732947856,1.8599,,,,-0.20111,0.17146,0.03159,,,,,,,-0.14418,0.12082,0.02178,,-0.15613,0.12587,0.02026,,,,,,,,,,,,,,CLAS_EG1b
0.08405,0.0080220732947856,1.8998,,,,-0.65527,0.19877,0.04599,,,,,,,-0.43926,0.13333,0.03058,,-0.45774,0.13834,0.0305,,,,,,,,,,,,,,CLAS_EG1b
0.08433,0.0080220732947856,1.9406,,,,-0.5848,0.23105,0.04803,,,,,,,-0.37454,0.14802,0.03095,,-0.38616,0.15302,0.03131,,,,,,,,,,,,,,CLAS_EG1b
0.08414,0.0080220732947856,1.9802,,,,-0.18353,0.25007,0.05037,,,,,,,-0.11011,0.15387,0.03076,,-0.10947,0.15854,0.03132,,,,,,,,,,,,,,CLAS_EG1b
0.08397,0.0080220732947856,2.0198,,,,0.52379,0.28727,0.05867,,,,,,,0.3125,0.17078,0.03471,,0.32594,0.17548,0.03546,,,,,,,,,,,,,,CLAS_EG1b
0.08373,0.0080220732947856,2.0507,,,,0.36284,0.48674,0.05237,,,,,,,0.21021,0.28103,0.0305,,0.21991,0.28814,0.0311,,,,,,,,,,,,,,CLAS_EG1b
0.08712,0.0080220732947856,2.5851,,,,1.5006,1.0934,0.20417,,,,,,,0.57213,0.41934,0.07901,,0.5785,0.42305,0.07973,,,,,,,,,,,,,,CLAS_EG1b
0.08602,0.0080220732947856,2.6235,,,,-0.36594,0.6583,0.11029,,,,,,,-0.13953,0.24803,0.04219,,-0.1394,0.25006,0.04253,,,,,,,,,,,,,,CLAS_EG1b
0.08485,0.0080220732947856,2.6581,,,,-0.40069,0.58003,0.01995,,,,,,,-0.14812,0.21527,0.00759,,-0.14797,0.2169,0.00761,,,,,,,,,,,,,,CLAS_EG1b
0.10084,0.0080220732947856,1.1406,,,,0.09695,0.11505,0.03257,,,,,,,0.22652,0.28323,0.08772,,0.35189,0.63547,0.17033,,,,,,,,,,,,,,CLAS_EG1b
0.10091,0.0080220732947856,1.1805,,,,-0.28603,0.15348,0.07562,,,,,,,-0.24648,0.12051,0.0539,,-0.49608,0.23092,0.13995,,,,,,,,,,,,,,CLAS_EG1b
0.10094,0.0080220732947856,1.22,,,,-0.53672,0.16405,0.10041,,,,,,,-0.29128,0.08817,0.06029,,-0.49956,0.15053,0.13039,,,,,,,,,,,,,,CLAS_EG1b
0.10095,0.0080220732947856,1.2595,,,,-0.2055,0.15267,0.08502,,,,,,,-0.16626,0.10622,0.0555,,-0.28236,0.16475,0.10058,,,,,,,,,,,,,,CLAS_EG1b
0.10115,0.0080220732947856,1.2996,,,,-0.28555,0.138,0.05407,,,,,,,-0.28374,0.13744,0.04984,,-0.46643,0.19693,0.06596,,,,,,,,,,,,,,CLAS_EG1b
0.10125,0.0080220732947856,1.3399,,,,-0.02955,0.12296,0.04194,,,,,,,-0.0347,0.15307,0.05024,,-0.12827,0.20595,0.03692,,,,,,,,,,,,,,CLAS_EG1b
0.10114,0.0080220732947856,1.38,,,,0.08701,0.10968,0.03432,,,,,,,0.11999,0.14892,0.04495,,0.06137,0.19083,0.02877,,,,,,,,,,,,,,CLAS_EG1b
0.10109,0.0080220732947856,1.4201,,,,-0.11899,0.10934,0.02695,,,,,,,-0.15669,0.14632,0.03566,,-0.27778,0.18038,0.03265,,,,,,,,,,,,,,CLAS_EG1b
0.10097,0.0080220732947856,1.4601,,,,-0.26062,0.11742,0.02206,,,,,,,-0.31461,0.13881,0.02714,,-0.44405,0.16574,0.0303,,,,,,,,,,,,,,CLAS_EG1b
0.10074,0.0080220732947856,1.4999,,,,-0.0387,0.1219,0.01643,,,,,,,-0.03953,0.12441,0.01814,,-0.09153,0.14486,0.02443,,,,,,,,,,,,,,CLAS_EG1b
0.1008,0.0080220732947856,1.5399,,,,-0.10202,0.12438,0.01225,,,,,,,-0.10588,0.12895,0.01301,,-0.16517,0.147,0.02045,,,,,,,,,,,,,,CLAS_EG1b
0.10076,0.0080220732947856,1.5799,,,,-0.14355,0.11635,0.01288,,,,,,,-0.15057,0.12204,0.01419,,-0.21596,0.13673,0.02052,,,,,,,,,,,,,,CLAS_EG1b
0.10058,0.0080220732947856,1.6201,,,,-0.21693,0.11493,0.01556,,,,,,,-0.22882,0.12131,0.01696,,-0.29101,0.13395,0.02093,,,,,,,,,,,,,,CLAS_EG1b
0.10037,0.0080220732947856,1.6598,,,,-0.31013,0.11886,0.01899,,,,,,,-0.31468,0.11933,0.01904,,-0.36347,0.13014,0.02137,,,,,,,,,,,,,,CLAS_EG1b
0.1005,0.0080220732947856,1.6997,,,,0.09081,0.12637,0.02697,,,,,,,0.08526,0.11089,0.02372,,0.08259,0.11972,0.02568,,,,,,,,,,,,,,CLAS_EG1b
0.10049,0.0080220732947856,1.7403,,,,0.13595,0.13292,0.03121,,,,,,,0.11384,0.11212,0.02622,,0.12107,0.11998,0.02765,,,,,,,,,,,,,,CLAS_EG1b
0.10021,0.0080220732947856,1.7771,,,,0.01891,0.13798,0.02743,,,,,,,0.01459,0.11288,0.02248,,0.00601,0.11991,0.02158,,,,,,,,,,,,,,CLAS_EG1b
0.10058,0.0080220732947856,1.82,,,,-0.30556,0.16311,0.0256,,,,,,,-0.24089,0.12664,0.02004,,-0.26453,0.13363,0.01659,,,,,,,,,,,,,,CLAS_EG1b
0.10044,0.0080220732947856,1.8598,,,,-0.28522,0.17397,0.03822,,,,,,,-0.21014,0.128,0.02763,,-0.22699,0.13431,0.0261,,,,,,,,,,,,,,CLAS_EG1b
0.10059,0.0080220732947856,1.9003,,,,-0.76819,0.1876,0.05262,,,,,,,-0.53954,0.13122,0.0366,,-0.56573,0.13703,0.0368,,,,,,,,,,,,,,CLAS_EG1b
0.10035,0.0080220732947856,1.94,,,,-0.69125,0.20925,0.05233,,,,,,,-0.4668,0.14009,0.03558,,-0.4845,0.14567,0.03623,,,,,,,,,,,,,,CLAS_EG1b
0.10029,0.0080220732947856,1.9801,,,,-0.10605,0.22375,0.0405,,,,,,,-0.06619,0.14384,0.02652,,-0.06403,0.14899,0.02699,,,,,,,,,,,,,,CLAS_EG1b
0.10021,0.0080220732947856,2.0196,,,,0.01114,0.27352,0.03438,,,,,,,0.00658,0.16977,0.02139,,0.01219,0.1753,0.02169,,,,,,,,,,,,,,CLAS_EG1b
0.09989,0.0080220732947856,2.0487,,,,0.09695,0.49855,1.6932,,,,,,,0.05932,0.30102,0.95733,,0.06614,0.31008,0.98288,,,,,,,,,,,,,,CLAS_EG1b
0.10491,0.0080220732947856,2.4641,,,,0.43937,1.5479,0.14907,,,,,,,0.18885,0.6657,0.06383,,0.19343,0.67447,0.06468,,,,,,,,,,,,,,CLAS_EG1b
0.10416,0.0080220732947856,2.5032,,,,-1.683,0.86508,0.14367,,,,,,,-0.70887,0.36301,0.06021,,-0.71568,0.36743,0.06097,,,,,,,,,,,,,,CLAS_EG1b
0.10315,0.0080220732947856,2.5437,,,,-0.74321,0.62456,0.1068,,,,,,,-0.30759,0.25631,0.04453,,-0.30934,0.25918,0.04509,,,,,,,,,,,,,,CLAS_EG1b
0.10172,0.0080220732947856,2.5818,,,,-0.34878,0.4289,0.04099,,,,,,,-0.14123,0.1728,0.0167,,-0.14105,0.17459,0.01689,,,,,,,,,,,,,,CLAS_EG1b
0.1008,0.0080220732947856,2.6209,,,,0.02539,0.37789,0.03455,,,,,,,0.0103,0.1497,0.01363,,0.01198,0.15114,0.01375,,,,,,,,,,,,,,CLAS_EG1b
0.1001,0.0080220732947856,2.6553,,,,-0.58598,0.4649,0.03618,,,,,,,-0.22933,0.18165,0.01418,,-0.22992,0.18328,0.01433,,,,,,,,,,,,,,CLAS_EG1b
0.12034,0.0080220732947856,1.1406,,,,-0.00409,0.09216,0.0316,,,,,,,0.02715,0.22877,0.09719,,-0.07932,0.54465,0.21157,,,,,,,,,,,,,,CLAS_EG1b
0.12043,0.0080220732947856,1.1805,,,,-0.25167,0.1227,0.06844,,,,,,,-0.22157,0.09659,0.05094,,-0.47528,0.19587,0.14932,,,,,,,,,,,,,,CLAS_EG1b
0.12052,0.0080220732947856,1.2201,,,,-0.23569,0.1301,0.0907,,,,,,,-0.12506,0.07006,0.05513,,-0.22428,0.12609,0.13959,,,,,,,,,,,,,,CLAS_EG1b
0.12048,0.0080220732947856,1.2597,,,,-0.24187,0.11943,0.07857,,,,,,,-0.17479,0.08357,0.05158,,-0.31491,0.13591,0.11186,,,,,,,,,,,,,,CLAS_EG1b
0.12029,0.0080220732947856,1.2996,,,,-0.22545,0.10603,0.05194,,,,,,,-0.22811,0.10662,0.04878,,-0.40508,0.15925,0.07564,,,,,,,,,,,,,,CLAS_EG1b
0.12012,0.0080220732947856,1.3396,,,,0.00996,0.09745,0.04244,,,,,,,0.01519,0.12286,0.05265,,-0.07087,0.17151,0.03987,,,,,,,,,,,,,,CLAS_EG1b
0.12002,0.0080220732947856,1.3798,,,,-0.12372,0.0911,0.03565,,,,,,,-0.17153,0.12603,0.04744,,-0.33035,0.16672,0.02023,,,,,,,,,,,,,,CLAS_EG1b
0.12009,0.0080220732947856,1.4199,,,,0.07987,0.09157,0.02565,,,,,,,0.10882,0.12526,0.03473,,0.03549,0.15887,0.02219,,,,,,,,,,,,,,CLAS_EG1b
0.12023,0.0080220732947856,1.46,,,,-0.2188,0.10024,0.02183,,,,,,,-0.25955,0.12139,0.02662,,-0.3968,0.14867,0.02942,,,,,,,,,,,,,,CLAS_EG1b
0.12009,0.0080220732947856,1.4999,,,,0.1061,0.10429,0.0214,,,,,,,0.10936,0.1094,0.02316,,0.07876,0.13028,0.03446,,,,,,,,,,,,,,CLAS_EG1b
0.11973,0.0080220732947856,1.5396,,,,0.1876,0.10562,0.01853,,,,,,,0.20024,0.11274,0.01949,,0.18165,0.1311,0.03251,,,,,,,,,,,,,,CLAS_EG1b
0.11978,0.0080220732947856,1.5797,,,,-0.13966,0.10802,0.0131,,,,,,,-0.15155,0.11696,0.0142,,-0.22687,0.13334,0.02627,,,,,,,,,,,,,,CLAS_EG1b
0.12006,0.0080220732947856,1.6199,,,,0.01483,0.10612,0.00978,,,,,,,0.01619,0.11592,0.01081,,-0.02667,0.13003,0.02006,,,,,,,,,,,,,,CLAS_EG1b
0.12015,0.0080220732947856,1.6599,,,,-0.1052,0.10665,0.01111,,,,,,,-0.10595,0.11086,0.01116,,-0.14011,0.12263,0.01603,,,,,,,,,,,,,,CLAS_EG1b
0.12009,0.0080220732947856,1.7,,,,-0.06682,0.11079,0.02018,,,,,,,-0.05767,0.10069,0.01831,,-0.07488,0.11007,0.02041,,,,,,,,,,,,,,CLAS_EG1b
0.11988,0.0080220732947856,1.7397,,,,-0.12506,0.11335,0.02574,,,,,,,-0.10975,0.0996,0.02279,,-0.1195,0.1078,0.02367,,,,,,,,,,,,,,CLAS_EG1b
0.11973,0.0080220732947856,1.7775,,,,-0.03946,0.13261,0.02283,,,,,,,-0.03365,0.11333,0.01975,,-0.04672,0.12161,0.01715,,,,,,,,,,,,,,CLAS_EG1b
0.11978,0.0080220732947856,1.8197,,,,-0.13449,0.15145,0.02109,,,,,,,-0.1121,0.12319,0.01721,,-0.13064,0.13118,0.01051,,,,,,,,,,,,,,CLAS_EG1b
0.12002,0.0080220732947856,1.8602,,,,-0.28466,0.16238,0.02929,,,,,,,-0.22182,0.12528,0.02231,,-0.24211,0.13254,0.01892,,,,,,,,,,,,,,CLAS_EG1b
0.11975,0.0080220732947856,1.8999,,,,-0.53405,0.17435,0.03744,,,,,,,-0.39152,0.12807,0.02729,,-0.41413,0.13473,0.02631,,,,,,,,,,,,,,CLAS_EG1b
0.11978,0.0080220732947856,1.94,,,,-0.48724,0.20052,0.04158,,,,,,,-0.34395,0.14093,0.02897,,-0.35862,0.14754,0.02911,,,,,,,,,,,,,,CLAS_EG1b
0.11967,0.0080220732947856,1.9797,,,,-0.56594,0.21588,0.04027,,,,,,,-0.3798,0.14568,0.02707,,-0.39061,0.15183,0.02763,,,,,,,,,,,,,,CLAS_EG1b
0.1197,0.0080220732947856,2.0198,,,,-0.18985,0.26197,0.03257,,,,,,,-0.12169,0.17055,0.02137,,-0.12002,0.17709,0.02174,,,,,,,,,,,,,,CLAS_EG1b
0.11926,0.0080220732947856,2.0464,,,,0.00394,0.52599,0.52497,,,,,,,0.00427,0.33339,0.31027,,0.01035,0.34525,0.31957,,,,,,,,,,,,,,CLAS_EG1b
0.12559,0.0080220732947856,2.3441,,,,-0.81021,1.5135,0.15318,,,,,,,-0.40141,0.74536,0.07737,,-0.40636,0.76004,0.079,,,,,,,,,,,,,,CLAS_EG1b
0.12513,0.0080220732947856,2.384,,,,0.30563,0.77983,0.08082,,,,,,,0.14595,0.37267,0.03858,,0.15142,0.37944,0.03926,,,,,,,,,,,,,,CLAS_EG1b
0.12353,0.0080220732947856,2.4218,,,,-1.0298,0.53369,0.10965,,,,,,,-0.48426,0.24816,0.05048,,-0.49,0.2523,0.05132,,,,,,,,,,,,,,CLAS_EG1b
0.12237,0.0080220732947856,2.4619,,,,-1.3194,0.42446,0.1165,,,,,,,-0.59705,0.19198,0.05277,,-0.6038,0.19492,0.05361,,,,,,,,,,,,,,CLAS_EG1b
0.1211,0.0080220732947856,2.5004,,,,0.03715,0.37716,0.07764,,,,,,,0.01702,0.16659,0.03477,,0.01953,0.16894,0.03528,,,,,,,,,,,,,,CLAS_EG1b
0.12068,0.0080220732947856,2.5416,,,,0.07979,0.32969,0.03542,,,,,,,0.03462,0.14248,0.01536,,0.03716,0.14434,0.01551,,,,,,,,,,,,,,CLAS_EG1b
0.12,0.0080220732947856,2.5806,,,,0.04641,0.30943,0.04733,,,,,,,0.01995,0.13137,0.01993,,0.02216,0.13297,0.02015,,,,,,,,,,,,,,CLAS_EG1b
0.11959,0.0080220732947856,2.6201,,,,-0.78441,0.33108,0.05423,,,,,,,-0.32865,0.1384,0.02257,,-0.33058,0.13997,0.02283,,,,,,,,,,,,,,CLAS_EG1b
0.1197,0.0080220732947856,2.6545,,,,-0.1347,0.44818,6.918,,,,,,,-0.05543,0.18505,2.8249,,-0.05427,0.18703,2.8538,,,,,,,,,,,,,,CLAS_EG1b
0.14351,0.0080220732947856,1.1406,,,,0.04625,0.07658,0.03039,,,,,,,0.14205,0.19223,0.0854,,0.21275,0.48361,0.16813,,,,,,,,,,,,,,CLAS_EG1b
0.14347,0.0080220732947856,1.1806,,,,-0.21935,0.09957,0.0658,,,,,,,-0.22234,0.07936,0.04959,,-0.50078,0.16984,0.15983,,,,,,,,,,,,,,CLAS_EG1b
0.1434,0.0080220732947856,1.2201,,,,-0.42355,0.10559,0.08658,,,,,,,-0.22974,0.05765,0.05368,,-0.43305,0.10922,0.15434,,,,,,,,,,,,,,CLAS_EG1b
0.14338,0.0080220732947856,1.2596,,,,-0.26596,0.09873,0.0739,,,,,,,-0.19077,0.07012,0.04869,,-0.35687,0.11963,0.12677,,,,,,,,,,,,,,CLAS_EG1b
0.14348,0.0080220732947856,1.2995,,,,-0.06133,0.08924,0.04739,,,,,,,-0.07245,0.09158,0.04563,,-0.17848,0.14289,0.08617,,,,,,,,,,,,,,CLAS_EG1b
0.14366,0.0080220732947856,1.3397,,,,0.07502,0.08148,0.04117,,,,,,,0.10326,0.10524,0.05311,,0.04424,0.15286,0.04646,,,,,,,,,,,,,,CLAS_EG1b
0.1436,0.0080220732947856,1.3798,,,,0.00147,0.07688,0.03741,,,,,,,0.00174,0.1093,0.05101,,-0.11677,0.14988,0.02378,,,,,,,,,,,,,,CLAS_EG1b
0.14349,0.0080220732947856,1.4198,,,,-0.01307,0.07687,0.02787,,,,,,,-0.02082,0.10838,0.03883,,-0.1489,0.14184,0.02472,,,,,,,,,,,,,,CLAS_EG1b
0.14348,0.0080220732947856,1.4598,,,,0.02473,0.08409,0.02397,,,,,,,0.02266,0.10524,0.03002,,-0.06838,0.13253,0.03631,,,,,,,,,,,,,,CLAS_EG1b
0.14359,0.0080220732947856,1.4998,,,,0.10924,0.0891,0.02299,,,,,,,0.11917,0.09691,0.02571,,0.08136,0.11835,0.04376,,,,,,,,,,,,,,CLAS_EG1b
0.14401,0.0080220732947856,1.54,,,,0.1383,0.08813,0.01864,,,,,,,0.15336,0.09774,0.02031,,0.12333,0.11628,0.04124,,,,,,,,,,,,,,CLAS_EG1b
0.14404,0.0080220732947856,1.5801,,,,0.06287,0.08486,0.01423,,,,,,,0.07109,0.0957,0.01582,,0.01908,0.11137,0.03462,,,,,,,,,,,,,,CLAS_EG1b
0.14381,0.0080220732947856,1.6199,,,,0.01621,0.08228,0.01385,,,,,,,0.01856,0.09385,0.01568,,-0.03063,0.10719,0.02934,,,,,,,,,,,,,,CLAS_EG1b
0.14376,0.0080220732947856,1.6598,,,,-0.22098,0.08373,0.01549,,,,,,,-0.24168,0.09097,0.0167,,-0.29932,0.10226,0.02468,,,,,,,,,,,,,,CLAS_EG1b
0.14371,0.0080220732947856,1.6997,,,,-0.1759,0.08797,0.02297,,,,,,,-0.16991,0.08373,0.02211,,-0.20444,0.09287,0.02586,,,,,,,,,,,,,,CLAS_EG1b
0.14361,0.0080220732947856,1.7393,,,,0.05681,0.09965,0.02818,,,,,,,0.05253,0.09207,0.0261,,0.05562,0.10097,0.02768,,,,,,,,,,,,,,CLAS_EG1b
0.14296,0.0080220732947856,1.7772,,,,-0.1935,0.1288,0.02512,,,,,,,-0.17366,0.11621,0.02287,,-0.20032,0.12617,0.02048,,,,,,,,,,,,,,CLAS_EG1b
0.14327,0.0080220732947856,1.8201,,,,-0.0059,0.14481,0.02536,,,,,,,-0.00225,0.1246,0.02159,,-0.01377,0.13408,0.01594,,,,,,,,,,,,,,CLAS_EG1b
0.14302,0.0080220732947856,1.8598,,,,-0.44271,0.15328,0.03048,,,,,,,-0.36283,0.12539,0.02484,,-0.39552,0.13393,0.02133,,,,,,,,,,,,,,CLAS_EG1b
0.143,0.0080220732947856,1.8999,,,,-0.34756,0.17037,0.03629,,,,,,,-0.27004,0.13274,0.02793,,-0.28896,0.14086,0.02666,,,,,,,,,,,,,,CLAS_EG1b
0.14296,0.0080220732947856,1.9398,,,,-0.66191,0.19591,0.04134,,,,,,,-0.49479,0.14607,0.03058,,-0.52018,0.15412,0.03085,,,,,,,,,,,,,,CLAS_EG1b
0.143,0.0080220732947856,1.9799,,,,0.0978,0.2027,0.03621,,,,,,,0.06882,0.14516,0.0262,,0.07777,0.15239,0.02682,,,,,,,,,,,,,,CLAS_EG1b
0.1433,0.0080220732947856,2.0202,,,,-0.03865,0.16402,0.02634,,,,,,,-0.02866,0.11298,0.0183,,-0.02328,0.11809,0.01845,,,,,,,,,,,,,,CLAS_EG1b
0.14155,0.0080220732947856,2.0442,,,,-0.27096,0.39597,0.30502,,,,,,,-0.18255,0.26653,0.19479,,-0.18385,0.27776,0.2022,,,,,,,,,,,,,,CLAS_EG1b
0.1502,0.0080220732947856,2.2232,,,,-0.89477,0.91708,0.33182,,,,,,,-0.51806,0.5269,0.19623,,-0.52931,0.5426,0.20258,,,,,,,,,,,,,,CLAS_EG1b
0.14886,0.0080220732947856,2.2617,,,,0.35709,0.63965,0.07814,,,,,,,0.20006,0.35586,0.04385,,0.20977,0.36556,0.04505,,,,,,,,,,,,,,CLAS_EG1b
0.14739,0.0080220732947856,2.3016,,,,-0.79189,0.52005,0.06923,,,,,,,-0.42947,0.28018,0.03763,,-0.43655,0.28716,0.03854,,,,,,,,,,,,,,CLAS_EG1b
0.14659,0.0080220732947856,2.3424,,,,0.15778,0.37494,0.059,,,,,,,0.08084,0.19571,0.03092,,0.08609,0.20019,0.03158,,,,,,,,,,,,,,CLAS_EG1b
0.14483,0.0080220732947856,2.3806,,,,-0.65859,0.30458,0.05084,,,,,,,-0.33441,0.1545,0.02558,,-0.33821,0.15774,0.02608,,,,,,,,,,,,,,CLAS_EG1b
0.14429,0.0080220732947856,2.4207,,,,0.01563,0.28623,0.04161,,,,,,,0.01021,0.14109,0.02064,,0.01354,0.14382,0.02099,,,,,,,,,,,,,,CLAS_EG1b
0.14331,0.0080220732947856,2.4597,,,,0.10926,0.28136,0.03403,,,,,,,0.05164,0.13506,0.0164,,0.0553,0.13747,0.01659,,,,,,,,,,,,,,CLAS_EG1b
0.14352,0.0080220732947856,2.5008,,,,0.02203,0.28657,0.03635,,,,,,,0.01161,0.13421,0.01708,,0.01446,0.13644,0.01726,,,,,,,,,,,,,,CLAS_EG1b
0.1431,0.0080220732947856,2.5404,,,,0.13879,0.2732,0.043,,,,,,,0.06368,0.12544,0.01974,,0.06708,0.12737,0.01995,,,,,,,,,,,,,,CLAS_EG1b
0.14294,0.0080220732947856,2.5798,,,,0.16541,0.28666,0.04485,,,,,,,0.07492,0.12947,0.02027,,0.07829,0.13134,0.02049,,,,,,,,,,,,,,CLAS_EG1b
0.14315,0.0080220732947856,2.6201,,,,-0.47256,0.30446,0.0393,,,,,,,-0.21094,0.1356,0.01729,,-0.21166,0.13742,0.01748,,,,,,,,,,,,,,CLAS_EG1b
0.14271,0.0080220732947856,2.6524,,,,-0.53115,0.41103,1.0885,,,,,,,-0.23437,0.18125,0.47604,,-0.2353,0.18355,0.48171,,,,,,,,,,,,,,CLAS_EG1b
0.14837,0.0080220732947856,2.9429,,,,0.85904,1.3477,0.35615,,,,,,,0.33091,0.53304,0.14107,,0.33479,0.53748,0.14223,,,,,,,,,,,,,,CLAS_EG1b
0.14722,0.0080220732947856,2.9836,,,,1.2841,0.9357,0.31361,,,,,,,0.49626,0.36111,0.1231,,0.50139,0.36391,0.12408,,,,,,,,,,,,,,CLAS_EG1b
0.17151,0.0080220732947856,1.1405,,,,-0.00825,0.05584,0.02857,,,,,,,0.02473,0.14411,0.11068,,-0.06155,0.3814,0.29803,,,,,,,,,,,,,,CLAS_EG1b
0.17145,0.0080220732947856,1.1805,,,,-0.28089,0.07308,0.06169,,,,,,,-0.25,0.05983,0.04627,,-0.57267,0.13489,0.16254,,,,,,,,,,,,,,CLAS_EG1b
0.17139,0.0080220732947856,1.2201,,,,-0.36594,0.07822,0.08091,,,,,,,-0.20537,0.04387,0.05153,,-0.4034,0.08746,0.1576,,,,,,,,,,,,,,CLAS_EG1b
0.1712,0.0080220732947856,1.2596,,,,-0.25833,0.07364,0.06908,,,,,,,-0.2045,0.0538,0.04703,,-0.38975,0.09632,0.12972,,,,,,,,,,,,,,CLAS_EG1b
0.17112,0.0080220732947856,1.2995,,,,0.00196,0.06761,0.04407,,,,,,,-0.00787,0.07144,0.04327,,-0.08085,0.11656,0.08893,,,,,,,,,,,,,,CLAS_EG1b
0.17109,0.0080220732947856,1.3396,,,,-0.01001,0.06289,0.03836,,,,,,,-0.01863,0.08388,0.05109,,-0.13706,0.12686,0.04916,,,,,,,,,,,,,,CLAS_EG1b
0.17112,0.0080220732947856,1.3797,,,,0.06195,0.06022,0.03763,,,,,,,0.09031,0.08863,0.05341,,-0.00647,0.12607,0.02941,,,,,,,,,,,,,,CLAS_EG1b
0.17118,0.0080220732947856,1.4198,,,,-0.00595,0.06134,0.0321,,,,,,,-0.00656,0.08974,0.04606,,-0.14429,0.12142,0.03507,,,,,,,,,,,,,,CLAS_EG1b
0.17133,0.0080220732947856,1.46,,,,0.08785,0.06559,0.02912,,,,,,,0.11948,0.08523,0.03801,,0.046,0.11058,0.04752,,,,,,,,,,,,,,CLAS_EG1b
0.17138,0.0080220732947856,1.5001,,,,0.05675,0.06729,0.02621,,,,,,,0.0643,0.07634,0.03093,,0.00726,0.09575,0.0531,,,,,,,,,,,,,,CLAS_EG1b
0.17125,0.0080220732947856,1.5399,,,,-0.03977,0.06574,0.01923,,,,,,,-0.0465,0.07616,0.02208,,-0.12288,0.09279,0.04771,,,,,,,,,,,,,,CLAS_EG1b
0.17105,0.0080220732947856,1.5798,,,,0.01025,0.06585,0.01484,,,,,,,0.01306,0.07774,0.01752,,-0.05795,0.09242,0.04001,,,,,,,,,,,,,,CLAS_EG1b
0.17098,0.0080220732947856,1.6198,,,,-0.03093,0.06731,0.01448,,,,,,,-0.03687,0.08055,0.01718,,-0.10275,0.09379,0.03397,,,,,,,,,,,,,,CLAS_EG1b
0.171,0.0080220732947856,1.6599,,,,-0.16045,0.06845,0.01378,,,,,,,-0.18407,0.07801,0.01525,,-0.2426,0.08922,0.02638,,,,,,,,,,,,,,CLAS_EG1b
0.17112,0.0080220732947856,1.6998,,,,-0.21147,0.07181,0.02232,,,,,,,-0.20961,0.07178,0.02222,,-0.25475,0.08088,0.02745,,,,,,,,,,,,,,CLAS_EG1b
0.17122,0.0080220732947856,1.7392,,,,-0.03993,0.08012,0.02835,,,,,,,-0.03904,0.07814,0.0277,,-0.04726,0.08693,0.0304,,,,,,,,,,,,,,CLAS_EG1b
0.17051,0.0080220732947856,1.7783,,,,0.02563,0.12342,0.02585,,,,,,,0.02287,0.11794,0.02467,,0.01097,0.12971,0.02335,,,,,,,,,,,,,,CLAS_EG1b
0.17056,0.0080220732947856,1.8197,,,,-0.28749,0.13711,0.02881,,,,,,,-0.26612,0.12542,0.02582,,-0.30295,0.13656,0.02207,,,,,,,,,,,,,,CLAS_EG1b
0.17077,0.0080220732947856,1.8598,,,,-0.51459,0.15027,0.0329,,,,,,,-0.44867,0.13084,0.02863,,-0.49294,0.14126,0.02629,,,,,,,,,,,,,,CLAS_EG1b
0.17079,0.0080220732947856,1.8999,,,,-0.25213,0.16533,0.02644,,,,,,,-0.20859,0.13721,0.02233,,-0.22606,0.14704,0.02004,,,,,,,,,,,,,,CLAS_EG1b
0.17089,0.0080220732947856,1.9399,,,,-0.06154,0.1422,0.02098,,,,,,,-0.04765,0.11282,0.01649,,-0.04784,0.1201,0.01474,,,,,,,,,,,,,,CLAS_EG1b
0.1715,0.0080220732947856,1.9803,,,,-0.26454,0.14423,0.02478,,,,,,,-0.20206,0.10981,0.01854,,-0.20733,0.11624,0.0186,,,,,,,,,,,,,,CLAS_EG1b
0.17162,0.0080220732947856,2.0202,,,,-0.42504,0.14779,0.02554,,,,,,,-0.31062,0.10827,0.01841,,-0.31926,0.11403,0.01873,,,,,,,,,,,,,,CLAS_EG1b
0.17701,0.0080220732947856,2.0594,,,,-0.19691,0.59484,0.03427,,,,,,,-0.13814,0.42169,0.02352,,-0.13761,0.4428,0.02401,,,,,,,,,,,,,,CLAS_EG1b
0.17764,0.0080220732947856,2.1016,,,,-0.56066,0.62856,0.04677,,,,,,,-0.38273,0.4267,0.03133,,-0.39378,0.44604,0.03233,,,,,,,,,,,,,,CLAS_EG1b
0.1773,0.0080220732947856,2.1424,,,,-0.4793,0.45022,0.05173,,,,,,,-0.31042,0.29454,0.03366,,-0.31689,0.30671,0.0348,,,,,,,,,,,,,,CLAS_EG1b
0.17499,0.0080220732947856,2.1812,,,,0.3011,0.342,0.05115,,,,,,,0.19336,0.21615,0.0324,,0.20646,0.22426,0.03341,,,,,,,,,,,,,,CLAS_EG1b
0.17292,0.0080220732947856,2.2202,,,,-0.44223,0.30766,0.04408,,,,,,,-0.27097,0.18801,0.02717,,-0.27522,0.19443,0.02794,,,,,,,,,,,,,,CLAS_EG1b
0.17299,0.0080220732947856,2.2607,,,,0.10389,0.2929,0.03509,,,,,,,0.06162,0.17305,0.02059,,0.06826,0.17848,0.02103,,,,,,,,,,,,,,CLAS_EG1b
0.17277,0.0080220732947856,2.301,,,,-0.37698,0.25286,0.02984,,,,,,,-0.21339,0.14464,0.01678,,-0.21505,0.14882,0.01702,,,,,,,,,,,,,,CLAS_EG1b
0.17128,0.0080220732947856,2.34,,,,-0.00787,0.23528,0.04068,,,,,,,-0.00644,0.13058,0.02201,,-0.00277,0.13404,0.0224,,,,,,,,,,,,,,CLAS_EG1b
0.1713,0.0080220732947856,2.3801,,,,0.35613,0.23554,0.05802,,,,,,,0.19173,0.1269,0.03089,,0.20014,0.13002,0.03154,,,,,,,,,,,,,,CLAS_EG1b
0.17041,0.0080220732947856,2.4194,,,,-0.64339,0.24291,0.05493,,,,,,,-0.33718,0.12728,0.02866,,-0.34139,0.13017,0.02928,,,,,,,,,,,,,,CLAS_EG1b
0.17089,0.0080220732947856,2.4603,,,,-0.25508,0.26224,0.03606,,,,,,,-0.12934,0.13369,0.01808,,-0.12883,0.13651,0.01839,,,,,,,,,,,,,,CLAS_EG1b
0.17121,0.0080220732947856,2.5006,,,,-0.4594,0.24944,0.02924,,,,,,,-0.22955,0.12422,0.01411,,-0.23111,0.12666,0.01426,,,,,,,,,,,,,,CLAS_EG1b
0.17099,0.0080220732947856,2.5401,,,,-0.00119,0.24368,0.02709,,,,,,,-0.00156,0.11911,0.01305,,0.00114,0.12129,0.01316,,,,,,,,,,,,,,CLAS_EG1b
0.17086,0.0080220732947856,2.5802,,,,-0.22298,0.25981,0.018,,,,,,,-0.1077,0.1251,0.00842,,-0.10691,0.12723,0.00836,,,,,,,,,,,,,,CLAS_EG1b
0.17041,0.0080220732947856,2.6198,,,,-0.15084,0.27836,0.02154,,,,,,,-0.0723,0.13248,0.00974,,-0.071,0.13458,0.00975,,,,,,,,,,,,,,CLAS_EG1b
0.16977,0.0080220732947856,2.6495,,,,-0.50125,0.42453,1.2383,,,,,,,-0.23689,0.20054,0.58207,,-0.23806,0.20355,0.59029,,,,,,,,,,,,,,CLAS_EG1b
0.17795,0.0080220732947856,2.8232,,,,0.7856,1.4002,0.40556,,,,,,,0.35599,0.63575,0.18666,,0.36212,0.6433,0.18892,,,,,,,,,,,,,,CLAS_EG1b
0.17653,0.0080220732947856,2.8629,,,,-0.87128,0.92532,0.19894,,,,,,,-0.391,0.41425,0.09025,,-0.39354,0.41884,0.09127,,,,,,,,,,,,,,CLAS_EG1b
0.175,0.0080220732947856,2.9024,,,,-0.44004,0.60875,0.13579,,,,,,,-0.19611,0.26784,0.06026,,-0.19652,0.27061,0.06088,,,,,,,,,,,,,,CLAS_EG1b
0.17353,0.0080220732947856,2.9412,,,,-0.09387,0.50644,0.09894,,,,,,,-0.03949,0.2184,0.04307,,-0.03824,0.22052,0.04348,,,,,,,,,,,,,,CLAS_EG1b
0.17255,0.0080220732947856,2.9809,,,,-0.4482,0.43907,0.06065,,,,,,,-0.18726,0.18498,0.02558,,-0.18742,0.18667,0.02582,,,,,,,,,,,,,,CLAS_EG1b
0.20383,0.0080220732947856,1.1404,,,,-0.03115,0.04573,0.02609,,,,,,,-0.1418,0.12351,0.07919,,-0.54038,0.34132,0.16886,,,,,,,,,,,,,,CLAS_EG1b
0.20374,0.0080220732947856,1.1804,,,,-0.19726,0.05983,0.05673,,,,,,,-0.16685,0.05138,0.04453,,-0.38819,0.12134,0.16631,,,,,,,,,,,,,,CLAS_EG1b
0.20373,0.0080220732947856,1.22,,,,-0.32944,0.06481,0.07452,,,,,,,-0.19213,0.03806,0.04939,,-0.391,0.07954,0.15853,,,,,,,,,,,,,,CLAS_EG1b
0.2038,0.0080220732947856,1.2596,,,,-0.12075,0.06215,0.06353,,,,,,,-0.10146,0.04753,0.04519,,-0.21336,0.0891,0.13087,,,,,,,,,,,,,,CLAS_EG1b
0.20402,0.0080220732947856,1.2995,,,,-0.01403,0.0575,0.04003,,,,,,,-0.02475,0.0637,0.0407,,-0.11219,0.10859,0.09055,,,,,,,,,,,,,,CLAS_EG1b
0.20414,0.0080220732947856,1.3397,,,,-0.03843,0.05409,0.03464,,,,,,,-0.05708,0.07567,0.04839,,-0.20996,0.11922,0.05216,,,,,,,,,,,,,,CLAS_EG1b
0.20427,0.0080220732947856,1.3798,,,,0.0756,0.05136,0.03612,,,,,,,0.11785,0.07932,0.0541,,0.02037,0.11717,0.03695,,,,,,,,,,,,,,CLAS_EG1b
0.20438,0.0080220732947856,1.42,,,,-0.03283,0.05092,0.03334,,,,,,,-0.05127,0.07824,0.05025,,-0.22991,0.10957,0.04523,,,,,,,,,,,,,,CLAS_EG1b
0.20413,0.0080220732947856,1.46,,,,-0.03353,0.05377,0.03022,,,,,,,-0.05022,0.07349,0.04186,,-0.19525,0.09836,0.05664,,,,,,,,,,,,,,CLAS_EG1b
0.20377,0.0080220732947856,1.4998,,,,0.02575,0.05626,0.02597,,,,,,,0.03073,0.06736,0.03252,,-0.04474,0.08692,0.06114,,,,,,,,,,,,,,CLAS_EG1b
0.20377,0.0080220732947856,1.5398,,,,-0.07617,0.05754,0.01903,,,,,,,-0.09328,0.07046,0.02306,,-0.19194,0.08808,0.05563,,,,,,,,,,,,,,CLAS_EG1b
0.20419,0.0080220732947856,1.5798,,,,0.04173,0.05861,0.01552,,,,,,,0.05169,0.07328,0.01935,,-0.01807,0.0892,0.04766,,,,,,,,,,,,,,CLAS_EG1b
0.20432,0.0080220732947856,1.62,,,,-0.06868,0.05901,0.01451,,,,,,,-0.0871,0.07492,0.01818,,-0.17233,0.08913,0.04045,,,,,,,,,,,,,,CLAS_EG1b
0.20422,0.0080220732947856,1.6599,,,,-0.05078,0.06016,0.01326,,,,,,,-0.06282,0.07272,0.01553,,-0.11103,0.08479,0.03164,,,,,,,,,,,,,,CLAS_EG1b
0.204,0.0080220732947856,1.6996,,,,-0.08603,0.06296,0.02175,,,,,,,-0.09058,0.06677,0.02305,,-0.12732,0.07656,0.03098,,,,,,,,,,,,,,CLAS_EG1b
0.20344,0.0080220732947856,1.7379,,,,-0.10068,0.07471,0.02752,,,,,,,-0.10484,0.07773,0.02868,,-0.12429,0.0879,0.03287,,,,,,,,,,,,,,CLAS_EG1b
0.20421,0.0080220732947856,1.7799,,,,0.0013,0.12599,0.02412,,,,,,,0.00213,0.12895,0.02466,,-0.01288,0.14389,0.02445,,,,,,,,,,,,,,CLAS_EG1b
0.20549,0.0080220732947856,1.8204,,,,-0.25843,0.12524,0.01985,,,,,,,-0.25359,0.12302,0.01941,,-0.29296,0.13579,0.01291,,,,,,,,,,,,,,CLAS_EG1b
0.20688,0.0080220732947856,1.8606,,,,-0.10837,0.12367,0.01939,,,,,,,-0.10228,0.11592,0.01805,,-0.12098,0.1268,0.01065,,,,,,,,,,,,,,CLAS_EG1b
0.20755,0.0080220732947856,1.9005,,,,-0.28344,0.12526,0.01954,,,,,,,-0.25241,0.11195,0.01726,,-0.27626,0.12143,0.0126,,,,,,,,,,,,,,CLAS_EG1b
0.20721,0.0080220732947856,1.9404,,,,-0.06733,0.12322,0.02307,,,,,,,-0.058,0.1053,0.01922,,-0.05915,0.11334,0.0181,,,,,,,,,,,,,,CLAS_EG1b
0.2063,0.0080220732947856,1.9802,,,,-0.43335,0.12516,0.02622,,,,,,,-0.35385,0.10258,0.02102,,-0.37045,0.10966,0.02152,,,,,,,,,,,,,,CLAS_EG1b
0.20556,0.0080220732947856,2.0188,,,,-0.23098,0.14048,0.0233,,,,,,,-0.1807,0.11095,0.0182,,-0.18308,0.11792,0.01861,,,,,,,,,,,,,,CLAS_EG1b
0.20803,0.0080220732947856,2.0609,,,,-0.17226,0.27888,0.01862,,,,,,,-0.13124,0.2111,0.0139,,-0.13098,0.2232,0.0133,,,,,,,,,,,,,,CLAS_EG1b
0.20693,0.0080220732947856,2.1007,,,,-0.06545,0.24318,0.01854,,,,,,,-0.04693,0.17728,0.01317,,-0.04202,0.18651,0.01246,,,,,,,,,,,,,,CLAS_EG1b
0.20494,0.0080220732947856,2.14,,,,-0.25876,0.22941,0.01894,,,,,,,-0.18206,0.16127,0.01293,,-0.18402,0.1689,0.01256,,,,,,,,,,,,,,CLAS_EG1b
0.20434,0.0080220732947856,2.1799,,,,-0.07818,0.23296,0.01929,,,,,,,-0.05422,0.158,0.01278,,-0.05053,0.16484,0.01253,,,,,,,,,,,,,,CLAS_EG1b
0.2055,0.0080220732947856,2.2205,,,,-0.00671,0.22402,0.01929,,,,,,,-0.00402,0.14667,0.01254,,0.00156,0.15253,0.01237,,,,,,,,,,,,,,CLAS_EG1b
0.20462,0.0080220732947856,2.2602,,,,-0.12929,0.20886,0.01863,,,,,,,-0.08194,0.13228,0.01146,,-0.07968,0.13713,0.01126,,,,,,,,,,,,,,CLAS_EG1b
0.20373,0.0080220732947856,2.2998,,,,-0.31726,0.21145,0.02049,,,,,,,-0.1942,0.12973,0.01188,,-0.19582,0.1341,0.01179,,,,,,,,,,,,,,CLAS_EG1b
0.20385,0.0080220732947856,2.3399,,,,-0.31092,0.21635,0.02124,,,,,,,-0.18648,0.12869,0.01216,,-0.18787,0.1327,0.01219,,,,,,,,,,,,,,CLAS_EG1b
0.20349,0.0080220732947856,2.3794,,,,-0.05087,0.29961,0.01836,,,,,,,-0.02886,0.17409,0.01035,,-0.02537,0.17919,0.01027,,,,,,,,,,,,,,CLAS_EG1b
0.20445,0.0080220732947856,2.4202,,,,-0.23453,0.27266,0.02219,,,,,,,-0.13267,0.15262,0.01179,,-0.13239,0.15668,0.01182,,,,,,,,,,,,,,CLAS_EG1b
0.20444,0.0080220732947856,2.4605,,,,-0.45644,0.22766,0.03055,,,,,,,-0.2499,0.12445,0.01593,,-0.25247,0.12755,0.01618,,,,,,,,,,,,,,CLAS_EG1b
0.20416,0.0080220732947856,2.5003,,,,-0.43561,0.21644,0.02961,,,,,,,-0.23266,0.11567,0.01524,,-0.23459,0.11835,0.01546,,,,,,,,,,,,,,CLAS_EG1b
0.20354,0.0080220732947856,2.5395,,,,-0.27808,0.22969,0.02432,,,,,,,-0.14637,0.1206,0.01213,,-0.14632,0.12319,0.01221,,,,,,,,,,,,,,CLAS_EG1b
0.20324,0.0080220732947856,2.5795,,,,-0.45969,0.25067,0.03045,,,,,,,-0.23812,0.12979,0.01532,,-0.23984,0.13239,0.01547,,,,,,,,,,,,,,CLAS_EG1b
0.2043,0.0080220732947856,2.6208,,,,0.04623,0.26354,0.03715,,,,,,,0.02359,0.13501,0.0189,,0.02692,0.13755,0.01912,,,,,,,,,,,,,,CLAS_EG1b
0.20279,0.0080220732947856,2.6472,,,,-0.413,0.4711,0.092,,,,,,,-0.20958,0.24,0.04663,,-0.21031,0.24428,0.04738,,,,,,,,,,,,,,CLAS_EG1b
0.21213,0.0080220732947856,2.7022,,,,0.38346,1.3844,0.18174,,,,,,,0.19429,0.69914,0.09182,,0.20038,0.71101,0.09332,,,,,,,,,,,,,,CLAS_EG1b
0.21208,0.0080220732947856,2.7435,,,,-1.3772,0.85081,0.21861,,,,,,,-0.69124,0.42696,0.1102,,-0.69969,0.43374,0.11195,,,,,,,,,,,,,,CLAS_EG1b
0.20942,0.0080220732947856,2.7816,,,,0.21812,0.57377,0.1713,,,,,,,0.10877,0.28595,0.08605,,0.11279,0.29017,0.08736,,,,,,,,,,,,,,CLAS_EG1b
0.2073,0.0080220732947856,2.8211,,,,0.21376,0.49249,0.11531,,,,,,,0.10576,0.24317,0.0572,,0.10951,0.24652,0.05797,,,,,,,,,,,,,,CLAS_EG1b
0.20708,0.0080220732947856,2.8617,,,,0.3449,0.39132,0.11438,,,,,,,0.16814,0.19077,0.05603,,0.17247,0.19323,0.05675,,,,,,,,,,,,,,CLAS_EG1b
0.20536,0.0080220732947856,2.9005,,,,-0.64018,0.34571,0.10718,,,,,,,-0.30702,0.16592,0.05174,,-0.30869,0.16792,0.05236,,,,,,,,,,,,,,CLAS_EG1b
0.20477,0.0080220732947856,2.9405,,,,-0.58621,0.33091,0.09523,,,,,,,-0.27609,0.15571,0.04492,,-0.27733,0.15747,0.04542,,,,,,,,,,,,,,CLAS_EG1b
0.20457,0.0080220732947856,2.9808,,,,-0.62839,0.32793,0.07831,,,,,,,-0.28847,0.15079,0.03634,,-0.28976,0.15241,0.03673,,,,,,,,,,,,,,CLAS_EG1b
0.24339,0.0080220732947856,1.1404,,,,0.03775,0.03975,0.02432,,,,,,,0.03511,0.11446,0.09764,,-0.04332,0.32815,0.25836,,,,,,,,,,,,,,CLAS_EG1b
0.2435,0.0080220732947856,1.1805,,,,-0.14372,0.05124,0.05203,,,,,,,-0.13192,0.04687,0.04323,,-0.31081,0.11538,0.16507,,,,,,,,,,,,,,CLAS_EG1b
0.24353,0.0080220732947856,1.2201,,,,-0.1908,0.05491,0.06816,,,,,,,-0.11954,0.03437,0.04823,,-0.24426,0.07505,0.15714,,,,,,,,,,,,,,CLAS_EG1b
0.24354,0.0080220732947856,1.2597,,,,-0.18652,0.05249,0.05828,,,,,,,-0.15369,0.04283,0.04454,,-0.32411,0.08389,0.13079,,,,,,,,,,,,,,CLAS_EG1b
0.24357,0.0080220732947856,1.2996,,,,-0.19686,0.04826,0.03659,,,,,,,-0.23648,0.05698,0.03933,,-0.49386,0.10135,0.09077,,,,,,,,,,,,,,CLAS_EG1b
0.24349,0.0080220732947856,1.3397,,,,0.01084,0.04555,0.03033,,,,,,,0.01184,0.06766,0.04475,,-0.10785,0.11102,0.05111,,,,,,,,,,,,,,CLAS_EG1b
0.24341,0.0080220732947856,1.3798,,,,0.08988,0.04403,0.03246,,,,,,,0.1467,0.07213,0.05161,,0.05976,0.11064,0.03952,,,,,,,,,,,,,,CLAS_EG1b
0.24345,0.0080220732947856,1.4198,,,,0.00391,0.04451,0.03188,,,,,,,0.00741,0.07255,0.05076,,-0.16267,0.10524,0.05223,,,,,,,,,,,,,,CLAS_EG1b
0.24362,0.0080220732947856,1.4599,,,,-0.04303,0.0476,0.02937,,,,,,,-0.0598,0.06904,0.04329,,-0.22535,0.09548,0.06414,,,,,,,,,,,,,,CLAS_EG1b
0.24369,0.0080220732947856,1.4999,,,,0.02188,0.04976,0.02507,,,,,,,0.02893,0.06343,0.03357,,-0.0582,0.08437,0.0691,,,,,,,,,,,,,,CLAS_EG1b
0.24372,0.0080220732947856,1.54,,,,0.11644,0.05026,0.01953,,,,,,,0.1521,0.06557,0.02537,,0.11124,0.08429,0.06464,,,,,,,,,,,,,,CLAS_EG1b
0.24405,0.0080220732947856,1.5799,,,,-0.04252,0.05066,0.01682,,,,,,,-0.05723,0.0676,0.02241,,-0.1624,0.08441,0.05632,,,,,,,,,,,,,,CLAS_EG1b
0.24437,0.0080220732947856,1.62,,,,-0.00499,0.05172,0.01533,,,,,,,-0.00672,0.07012,0.02054,,-0.08726,0.0854,0.048,,,,,,,,,,,,,,CLAS_EG1b
0.24485,0.0080220732947856,1.6599,,,,-0.07438,0.05422,0.01405,,,,,,,-0.09234,0.06994,0.01752,,-0.15375,0.08335,0.03836,,,,,,,,,,,,,,CLAS_EG1b
0.24536,0.0080220732947856,1.6999,,,,-0.07455,0.06,0.02302,,,,,,,-0.08439,0.06795,0.02602,,-0.12792,0.07952,0.03734,,,,,,,,,,,,,,CLAS_EG1b
0.24588,0.0080220732947856,1.7379,,,,0.0012,0.07776,0.0303,,,,,,,0.00141,0.08674,0.0338,,-0.00854,0.09999,0.04097,,,,,,,,,,,,,,CLAS_EG1b
0.24744,0.0080220732947856,1.7805,,,,0.14373,0.09927,0.02666,,,,,,,0.15656,0.10951,0.02945,,0.15908,0.12435,0.03272,,,,,,,,,,,,,,CLAS_EG1b
0.24657,0.0080220732947856,1.8203,,,,-0.08649,0.09837,0.01871,,,,,,,-0.09071,0.10453,0.01989,,-0.11494,0.11718,0.01652,,,,,,,,,,,,,,CLAS_EG1b
0.24577,0.0080220732947856,1.8602,,,,-0.21578,0.09843,0.01638,,,,,,,-0.22045,0.0999,0.01632,,-0.25417,0.11073,0.00811,,,,,,,,,,,,,,CLAS_EG1b
0.24484,0.0080220732947856,1.8999,,,,-0.0745,0.09938,0.01889,,,,,,,-0.0711,0.09625,0.0175,,-0.08068,0.10562,0.01305,,,,,,,,,,,,,,CLAS_EG1b
0.24511,0.0080220732947856,1.9401,,,,-0.44607,0.09965,0.02195,,,,,,,-0.41206,0.09223,0.01947,,-0.44438,0.10036,0.01862,,,,,,,,,,,,,,CLAS_EG1b
0.24563,0.0080220732947856,1.9803,,,,-0.11192,0.09843,0.02033,,,,,,,-0.09527,0.08725,0.01774,,-0.09386,0.09423,0.01817,,,,,,,,,,,,,,CLAS_EG1b
0.24441,0.0080220732947856,2.0184,,,,-0.10607,0.12073,0.01825,,,,,,,-0.0906,0.10323,0.01546,,-0.08775,0.11082,0.01569,,,,,,,,,,,,,,CLAS_EG1b
0.24352,0.0080220732947856,2.0598,,,,-0.02329,0.19539,0.02637,,,,,,,-0.01548,0.15971,0.02103,,-0.00743,0.17024,0.02127,,,,,,,,,,,,,,CLAS_EG1b
0.24335,0.0080220732947856,2.0997,,,,-0.43584,0.2022,0.03429,,,,,,,-0.34181,0.15896,0.02644,,-0.3544,0.16854,0.02715,,,,,,,,,,,,,,CLAS_EG1b
0.24438,0.0080220732947856,2.1402,,,,-0.37963,0.20184,0.03658,,,,,,,-0.28827,0.15274,0.02719,,-0.29703,0.16119,0.02809,,,,,,,,,,,,,,CLAS_EG1b
0.24386,0.0080220732947856,2.1802,,,,-0.45481,0.1939,0.03635,,,,,,,-0.3328,0.14147,0.02608,,-0.34302,0.14864,0.02693,,,,,,,,,,,,,,CLAS_EG1b
0.24308,0.0080220732947856,2.2198,,,,-0.37308,0.19391,0.03931,,,,,,,-0.26517,0.13664,0.0274,,-0.27148,0.14299,0.02825,,,,,,,,,,,,,,CLAS_EG1b
0.24358,0.0080220732947856,2.2599,,,,0.23336,0.25552,0.05842,,,,,,,0.15945,0.17456,0.03941,,0.17221,0.1821,0.04075,,,,,,,,,,,,,,CLAS_EG1b
0.24385,0.0080220732947856,2.3,,,,0.48695,0.46119,0.06743,,,,,,,0.32102,0.30439,0.04486,,0.33917,0.31648,0.04641,,,,,,,,,,,,,,CLAS_EG1b
0.24314,0.0080220732947856,2.3395,,,,-0.00299,0.54648,0.06631,,,,,,,-0.00186,0.34975,0.04254,,0.00314,0.36257,0.04388,,,,,,,,,,,,,,CLAS_EG1b
0.24394,0.0080220732947856,2.3801,,,,0.58703,0.65984,0.06779,,,,,,,0.36497,0.41005,0.04224,,0.38214,0.42401,0.04348,,,,,,,,,,,,,,CLAS_EG1b
0.24384,0.0080220732947856,2.4203,,,,-0.2797,0.20951,0.04929,,,,,,,-0.16839,0.12647,0.03032,,-0.16924,0.13045,0.03112,,,,,,,,,,,,,,CLAS_EG1b
0.24362,0.0080220732947856,2.4603,,,,-0.34153,0.20112,0.01907,,,,,,,-0.20133,0.11824,0.0103,,-0.20313,0.1217,0.01009,,,,,,,,,,,,,,CLAS_EG1b
0.24292,0.0080220732947856,2.4995,,,,-0.2021,0.20881,0.01608,,,,,,,-0.11607,0.11998,0.00847,,-0.11534,0.12324,0.00813,,,,,,,,,,,,,,CLAS_EG1b
0.24378,0.0080220732947856,2.5399,,,,-0.21631,0.22421,0.01482,,,,,,,-0.12172,0.12627,0.0075,,-0.12115,0.12948,0.00706,,,,,,,,,,,,,,CLAS_EG1b
0.24475,0.0080220732947856,2.5808,,,,-0.33593,0.23289,0.01657,,,,,,,-0.1861,0.12893,0.00831,,-0.18708,0.132,0.00801,,,,,,,,,,,,,,CLAS_EG1b
0.24452,0.0080220732947856,2.6203,,,,-0.27567,0.21776,0.05234,,,,,,,-0.15017,0.11887,0.02804,,-0.1502,0.1215,0.02849,,,,,,,,,,,,,,CLAS_EG1b
0.24452,0.0080220732947856,2.654,,,,-0.03281,0.43558,0.0759,,,,,,,-0.01604,0.23509,0.04076,,-0.01319,0.24002,0.04152,,,,,,,,,,,,,,CLAS_EG1b
0.24917,0.0080220732947856,2.7019,,,,-0.372,0.42141,0.07186,,,,,,,-0.19843,0.22414,0.03821,,-0.19946,0.22856,0.03891,,,,,,,,,,,,,,CLAS_EG1b
0.24606,0.0080220732947856,2.7405,,,,-0.51495,0.3502,0.10864,,,,,,,-0.26998,0.18397,0.05672,,-0.27208,0.18734,0.05767,,,,,,,,,,,,,,CLAS_EG1b
0.24537,0.0080220732947856,2.7805,,,,0.61226,0.33994,0.13959,,,,,,,0.3164,0.17605,0.07267,,0.32443,0.17907,0.07387,,,,,,,,,,,,,,CLAS_EG1b
0.24545,0.0080220732947856,2.8209,,,,-0.51774,0.3,0.11452,,,,,,,-0.26359,0.15281,0.05907,,-0.26533,0.15528,0.06002,,,,,,,,,,,,,,CLAS_EG1b
0.244,0.0080220732947856,2.8601,,,,-0.63731,0.28479,0.08309,,,,,,,-0.32008,0.1424,0.04172,,-0.32262,0.14455,0.04233,,,,,,,,,,,,,,CLAS_EG1b
0.24394,0.0080220732947856,2.9002,,,,0.0197,0.28315,0.07065,,,,,,,0.00993,0.13857,0.03498,,0.0123,0.14053,0.03545,,,,,,,,,,,,,,CLAS_EG1b
0.24351,0.0080220732947856,2.9402,,,,-0.18013,0.29181,0.32695,,,,,,,-0.08686,0.13948,0.15284,,-0.08597,0.14135,0.15477,,,,,,,,,,,,,,CLAS_EG1b
0.29072,0.0080220732947856,1.1404,,,,-0.00563,0.03245,0.0218,,,,,,,-0.02637,0.10194,0.11133,,-0.18258,0.30042,0.32654,,,,,,,,,,,,,,CLAS_EG1b
0.29058,0.0080220732947856,1.1805,,,,-0.12126,0.04165,0.04749,,,,,,,-0.13095,0.04168,0.04285,,-0.31437,0.1062,0.16165,,,,,,,,,,,,,,CLAS_EG1b
0.29068,0.0080220732947856,1.2201,,,,-0.19947,0.0453,0.06235,,,,,,,-0.13675,0.03103,0.04819,,-0.28915,0.07037,0.1541,,,,,,,,,,,,,,CLAS_EG1b
0.29089,0.0080220732947856,1.2598,,,,-0.20858,0.04372,0.05272,,,,,,,-0.1819,0.03894,0.04318,,-0.39176,0.07939,0.12737,,,,,,,,,,,,,,CLAS_EG1b
0.29123,0.0080220732947856,1.2997,,,,-0.00302,0.04104,0.03095,,,,,,,-0.01072,0.05273,0.03473,,-0.09023,0.09767,0.08443,,,,,,,,,,,,,,CLAS_EG1b
0.29182,0.0080220732947856,1.3398,,,,-0.02414,0.0392,0.02389,,,,,,,-0.03973,0.06303,0.03862,,-0.20491,0.10766,0.04502,,,,,,,,,,,,,,CLAS_EG1b
0.29227,0.0080220732947856,1.3799,,,,-0.06775,0.03893,0.02694,,,,,,,-0.11961,0.06878,0.04669,,-0.37111,0.10968,0.04214,,,,,,,,,,,,,,CLAS_EG1b
0.2928,0.0080220732947856,1.4201,,,,0.01112,0.03901,0.02802,,,,,,,0.01906,0.06847,0.04812,,-0.16435,0.10303,0.05951,,,,,,,,,,,,,,CLAS_EG1b
0.2932,0.0080220732947856,1.4602,,,,0.00552,0.04085,0.02617,,,,,,,0.01008,0.0638,0.04165,,-0.1448,0.09135,0.07269,,,,,,,,,,,,,,CLAS_EG1b
0.29333,0.0080220732947856,1.5002,,,,-0.03316,0.04229,0.02177,,,,,,,-0.04584,0.05819,0.03156,,-0.16891,0.07996,0.07792,,,,,,,,,,,,,,CLAS_EG1b
0.29303,0.0080220732947856,1.5402,,,,0.12407,0.04267,0.01753,,,,,,,0.17443,0.06014,0.02475,,0.13931,0.07966,0.07481,,,,,,,,,,,,,,CLAS_EG1b
0.29269,0.0080220732947856,1.58,,,,-0.03883,0.04377,0.01605,,,,,,,-0.05609,0.06315,0.02317,,-0.17396,0.08105,0.06802,,,,,,,,,,,,,,CLAS_EG1b
0.29231,0.0080220732947856,1.62,,,,0.01806,0.04577,0.01517,,,,,,,0.02656,0.0671,0.02191,,-0.05678,0.08378,0.06066,,,,,,,,,,,,,,CLAS_EG1b
0.29165,0.0080220732947856,1.6599,,,,0.00796,0.04958,0.0153,,,,,,,0.00886,0.069,0.02045,,-0.04148,0.0841,0.05171,,,,,,,,,,,,,,CLAS_EG1b
0.29111,0.0080220732947856,1.6997,,,,-0.11896,0.06132,0.02315,,,,,,,-0.14456,0.07503,0.02825,,-0.20876,0.08966,0.04796,,,,,,,,,,,,,,CLAS_EG1b
0.29073,0.0080220732947856,1.7392,,,,-0.12299,0.07652,0.02736,,,,,,,-0.14862,0.09262,0.03291,,-0.19016,0.10861,0.04544,,,,,,,,,,,,,,CLAS_EG1b
0.29083,0.0080220732947856,1.7799,,,,-0.08212,0.07911,0.02098,,,,,,,-0.09938,0.09518,0.0249,,-0.13474,0.10984,0.03161,,,,,,,,,,,,,,CLAS_EG1b
0.29143,0.0080220732947856,1.8201,,,,-0.14927,0.08047,0.01638,,,,,,,-0.1727,0.09353,0.01796,,-0.21023,0.10647,0.01756,,,,,,,,,,,,,,CLAS_EG1b
0.29198,0.0080220732947856,1.86,,,,-0.37725,0.08138,0.0192,,,,,,,-0.41667,0.09049,0.0203,,-0.47791,0.10177,0.01778,,,,,,,,,,,,,,CLAS_EG1b
0.29168,0.0080220732947856,1.9001,,,,-0.2504,0.08067,0.01759,,,,,,,-0.26609,0.08561,0.01792,,-0.29944,0.09524,0.01492,,,,,,,,,,,,,,CLAS_EG1b
0.29078,0.0080220732947856,1.94,,,,-0.22476,0.07983,0.01595,,,,,,,-0.22803,0.0809,0.01519,,-0.24714,0.08912,0.01375,,,,,,,,,,,,,,CLAS_EG1b
0.29037,0.0080220732947856,1.9798,,,,-0.23976,0.08078,0.01875,,,,,,,-0.23183,0.0783,0.01737,,-0.24431,0.08551,0.01813,,,,,,,,,,,,,,CLAS_EG1b
0.28968,0.0080220732947856,2.0179,,,,-0.16881,0.12793,0.01987,,,,,,,-0.15672,0.1196,0.01811,,-0.15988,0.12978,0.01894,,,,,,,,,,,,,,CLAS_EG1b
0.29145,0.0080220732947856,2.0601,,,,-0.12702,0.18475,0.02353,,,,,,,-0.1168,0.1645,0.01998,,-0.11736,0.17714,0.02008,,,,,,,,,,,,,,CLAS_EG1b
0.29135,0.0080220732947856,2.1001,,,,-0.4057,0.1933,0.02985,,,,,,,-0.34431,0.16543,0.02463,,-0.35968,0.17708,0.02503,,,,,,,,,,,,,,CLAS_EG1b
0.29085,0.0080220732947856,2.1399,,,,0.03832,0.20851,0.02823,,,,,,,0.0322,0.17156,0.02317,,0.04216,0.1826,0.02357,,,,,,,,,,,,,,CLAS_EG1b
0.29081,0.0080220732947856,2.1799,,,,-0.08367,0.22207,0.02649,,,,,,,-0.06731,0.17603,0.02072,,-0.06417,0.18644,0.02087,,,,,,,,,,,,,,CLAS_EG1b
0.29096,0.0080220732947856,2.22,,,,0.11764,0.23895,0.02926,,,,,,,0.08715,0.18276,0.0222,,0.0983,0.19272,0.02256,,,,,,,,,,,,,,CLAS_EG1b
0.29042,0.0080220732947856,2.2598,,,,-0.07342,0.27852,0.03112,,,,,,,-0.05333,0.20625,0.023,,-0.04955,0.21664,0.02346,,,,,,,,,,,,,,CLAS_EG1b
0.29008,0.0080220732947856,2.2996,,,,0.13862,0.42958,0.03916,,,,,,,0.101,0.30745,0.02806,,0.11178,0.3217,0.02884,,,,,,,,,,,,,,CLAS_EG1b
0.29102,0.0080220732947856,2.3401,,,,0.18806,0.50925,0.04808,,,,,,,0.13062,0.3533,0.03341,,0.14179,0.36849,0.03444,,,,,,,,,,,,,,CLAS_EG1b
0.2908,0.0080220732947856,2.3801,,,,0.24444,0.33634,0.05103,,,,,,,0.16289,0.22476,0.03432,,0.1743,0.23354,0.03532,,,,,,,,,,,,,,CLAS_EG1b
0.29136,0.0080220732947856,2.4203,,,,0.0824,0.18831,0.04948,,,,,,,0.05253,0.12321,0.03237,,0.05919,0.12776,0.03322,,,,,,,,,,,,,,CLAS_EG1b
0.2917,0.0080220732947856,2.4601,,,,0.1397,0.18791,0.04553,,,,,,,0.08935,0.11976,0.02909,,0.09702,0.12388,0.02979,,,,,,,,,,,,,,CLAS_EG1b
0.29229,0.0080220732947856,2.5002,,,,-0.18587,0.18753,0.04536,,,,,,,-0.11547,0.11669,0.02811,,-0.11486,0.12044,0.02874,,,,,,,,,,,,,,CLAS_EG1b
0.29211,0.0080220732947856,2.5401,,,,-0.1236,0.19017,0.04883,,,,,,,-0.07504,0.11591,0.02966,,-0.07319,0.11938,0.03032,,,,,,,,,,,,,,CLAS_EG1b
0.29186,0.0080220732947856,2.5805,,,,-0.06535,0.1883,0.04832,,,,,,,-0.03859,0.11271,0.02888,,-0.03577,0.11586,0.02949,,,,,,,,,,,,,,CLAS_EG1b
0.29134,0.0080220732947856,2.6191,,,,-0.45167,0.2288,0.0488,,,,,,,-0.26479,0.13482,0.02861,,-0.26791,0.13835,0.02918,,,,,,,,,,,,,,CLAS_EG1b
0.29316,0.0080220732947856,2.6606,,,,-0.0039,0.28219,0.05009,,,,,,,-0.00103,0.16347,0.02901,,0.00255,0.16747,0.02959,,,,,,,,,,,,,,CLAS_EG1b
0.29085,0.0080220732947856,2.6998,,,,-0.11756,0.27547,0.05083,,,,,,,-0.06545,0.15716,0.02884,,-0.06352,0.16075,0.0294,,,,,,,,,,,,,,CLAS_EG1b
0.29251,0.0080220732947856,2.7405,,,,-0.37826,0.27303,0.06457,,,,,,,-0.2123,0.15319,0.03586,,-0.21377,0.15649,0.03653,,,,,,,,,,,,,,CLAS_EG1b
0.29176,0.0080220732947856,2.7804,,,,-0.00653,0.25071,0.07069,,,,,,,-0.00302,0.13818,0.03885,,-0.0001,0.14096,0.03957,,,,,,,,,,,,,,CLAS_EG1b
0.29059,0.0080220732947856,2.8199,,,,-0.23844,0.25104,0.05255,,,,,,,-0.12828,0.13566,0.02829,,-0.12791,0.13822,0.02876,,,,,,,,,,,,,,CLAS_EG1b
0.2906,0.0080220732947856,2.86,,,,-0.04927,0.27714,0.10333,,,,,,,-0.0251,0.1467,0.05343,,-0.02289,0.14932,0.05428,,,,,,,,,,,,,,CLAS_EG1b
0.29084,0.0080220732947856,2.9,,,,0.35116,0.42671,0.30639,,,,,,,0.17901,0.22013,0.15579,,0.18438,0.22382,0.15827,,,,,,,,,,,,,,CLAS_EG1b
0.34943,0.0080220732947856,1.1404,,,,0.0003,0.02752,0.01943,,,,,,,0.0144,0.09597,0.08425,,-0.04147,0.28797,0.19358,,,,,,,,,,,,,,CLAS_EG1b
0.34894,0.0080220732947856,1.1805,,,,-0.10871,0.0343,0.04211,,,,,,,-0.12984,0.0385,0.04248,,-0.31164,0.1008,0.1563,,,,,,,,,,,,,,CLAS_EG1b
0.34828,0.0080220732947856,1.2202,,,,-0.24536,0.03754,0.05444,,,,,,,-0.18817,0.0288,0.04689,,-0.40861,0.06747,0.14695,,,,,,,,,,,,,,CLAS_EG1b
0.34805,0.0080220732947856,1.2599,,,,-0.0469,0.03679,0.04462,,,,,,,-0.04688,0.03659,0.04036,,-0.11179,0.07726,0.11874,,,,,,,,,,,,,,CLAS_EG1b
0.34796,0.0080220732947856,1.2998,,,,-0.06905,0.03471,0.02458,,,,,,,-0.09764,0.04953,0.03055,,-0.25981,0.09513,0.07544,,,,,,,,,,,,,,CLAS_EG1b
0.34785,0.0080220732947856,1.3398,,,,-0.02696,0.03321,0.01777,,,,,,,-0.04802,0.05885,0.03147,,-0.22802,0.10418,0.03996,,,,,,,,,,,,,,CLAS_EG1b
0.34777,0.0080220732947856,1.38,,,,0.02678,0.03296,0.02031,,,,,,,0.05174,0.06375,0.03828,,-0.10495,0.10529,0.04771,,,,,,,,,,,,,,CLAS_EG1b
0.34755,0.0080220732947856,1.42,,,,0.07985,0.03334,0.02251,,,,,,,0.15171,0.06388,0.04184,,0.0273,0.09936,0.07,,,,,,,,,,,,,,CLAS_EG1b
0.34733,0.0080220732947856,1.4601,,,,0.04954,0.03463,0.02166,,,,,,,0.08436,0.05901,0.03753,,-0.04867,0.08717,0.08441,,,,,,,,,,,,,,CLAS_EG1b
0.34707,0.0080220732947856,1.5,,,,-0.00886,0.03643,0.01761,,,,,,,-0.01422,0.05475,0.02786,,-0.13431,0.0775,0.08917,,,,,,,,,,,,,,CLAS_EG1b
0.34705,0.0080220732947856,1.5399,,,,0.0233,0.03814,0.01426,,,,,,,0.03566,0.05871,0.02197,,-0.05128,0.07998,0.08631,,,,,,,,,,,,,,CLAS_EG1b
0.34701,0.0080220732947856,1.5799,,,,0.01768,0.04043,0.01387,,,,,,,0.02784,0.06374,0.02184,,-0.07485,0.08399,0.08076,,,,,,,,,,,,,,CLAS_EG1b
0.3466,0.0080220732947856,1.6198,,,,-0.04739,0.04402,0.01315,,,,,,,-0.07589,0.07044,0.0205,,-0.19787,0.09016,0.0753,,,,,,,,,,,,,,CLAS_EG1b
0.34662,0.0080220732947856,1.6598,,,,-0.01683,0.0591,0.01752,,,,,,,-0.03024,0.08956,0.02442,,-0.09896,0.11173,0.06975,,,,,,,,,,,,,,CLAS_EG1b
0.34648,0.0080220732947856,1.6993,,,,-0.0603,0.05993,0.02872,,,,,,,-0.07675,0.0791,0.03816,,-0.1356,0.09647,0.06676,,,,,,,,,,,,,,CLAS_EG1b
0.34768,0.0080220732947856,1.74,,,,-0.00594,0.07095,0.0322,,,,,,,-0.00806,0.09384,0.04252,,-0.03093,0.11231,0.06081,,,,,,,,,,,,,,CLAS_EG1b
0.34714,0.0080220732947856,1.78,,,,-0.03796,0.0704,0.02283,,,,,,,-0.05011,0.09304,0.02986,,-0.08091,0.10942,0.04166,,,,,,,,,,,,,,CLAS_EG1b
0.3468,0.0080220732947856,1.8199,,,,-0.16205,0.07039,0.01234,,,,,,,-0.2082,0.09013,0.01451,,-0.25572,0.10438,0.01885,,,,,,,,,,,,,,CLAS_EG1b
0.34666,0.0080220732947856,1.8599,,,,-0.24013,0.07006,0.01335,,,,,,,-0.29568,0.08595,0.01454,,-0.34904,0.0982,0.01282,,,,,,,,,,,,,,CLAS_EG1b
0.3469,0.0080220732947856,1.8999,,,,-0.27344,0.0704,0.01401,,,,,,,-0.31935,0.08244,0.0148,,-0.3645,0.09308,0.01221,,,,,,,,,,,,,,CLAS_EG1b
0.34766,0.0080220732947856,1.94,,,,-0.12629,0.07078,0.01524,,,,,,,-0.1409,0.07905,0.0155,,-0.15334,0.08831,0.01529,,,,,,,,,,,,,,CLAS_EG1b
0.34726,0.0080220732947856,1.9794,,,,-0.32103,0.07359,0.01788,,,,,,,-0.34295,0.07857,0.0175,,-0.3708,0.08697,0.01886,,,,,,,,,,,,,,CLAS_EG1b
0.34732,0.0080220732947856,2.0199,,,,-0.25487,0.1578,0.03125,,,,,,,-0.25969,0.1609,0.03064,,-0.27498,0.17656,0.03301,,,,,,,,,,,,,,CLAS_EG1b
0.34704,0.0080220732947856,2.0599,,,,0.24295,0.16316,0.03993,,,,,,,0.23815,0.15915,0.03927,,0.2687,0.17328,0.04196,,,,,,,,,,,,,,CLAS_EG1b
0.34684,0.0080220732947856,2.0998,,,,-0.0668,0.178,0.03081,,,,,,,-0.06367,0.16663,0.02971,,-0.06043,0.1802,0.03104,,,,,,,,,,,,,,CLAS_EG1b
0.34695,0.0080220732947856,2.1399,,,,-0.22928,0.19148,0.01653,,,,,,,-0.20744,0.17209,0.01372,,-0.21509,0.18494,0.01227,,,,,,,,,,,,,,CLAS_EG1b
0.34689,0.0080220732947856,2.1799,,,,-0.2208,0.20368,0.01887,,,,,,,-0.19024,0.17617,0.01462,,-0.19564,0.18827,0.01366,,,,,,,,,,,,,,CLAS_EG1b
0.34671,0.0080220732947856,2.2197,,,,-0.35565,0.2214,0.03292,,,,,,,-0.29486,0.18464,0.02561,,-0.30618,0.19633,0.02623,,,,,,,,,,,,,,CLAS_EG1b
0.34775,0.0080220732947856,2.2599,,,,-0.53177,0.27141,0.05196,,,,,,,-0.4279,0.21909,0.04071,,-0.44622,0.23198,0.04252,,,,,,,,,,,,,,CLAS_EG1b
0.34894,0.0080220732947856,2.3003,,,,0.31713,0.34002,0.07187,,,,,,,0.24725,0.2648,0.05566,,0.26696,0.27917,0.05828,,,,,,,,,,,,,,CLAS_EG1b
0.34965,0.0080220732947856,2.3404,,,,0.40924,0.33573,0.07588,,,,,,,0.30823,0.25331,0.05786,,0.32956,0.26606,0.06048,,,,,,,,,,,,,,CLAS_EG1b
0.34905,0.0080220732947856,2.3803,,,,0.06813,0.20451,0.05368,,,,,,,0.04804,0.14914,0.04023,,0.05555,0.15601,0.04178,,,,,,,,,,,,,,CLAS_EG1b
0.34849,0.0080220732947856,2.4201,,,,-0.04086,0.16043,0.03129,,,,,,,-0.02818,0.11422,0.02218,,-0.02408,0.11916,0.02248,,,,,,,,,,,,,,CLAS_EG1b
0.34782,0.0080220732947856,2.4602,,,,0.04885,0.15954,0.03546,,,,,,,0.0337,0.11059,0.02429,,0.03996,0.11504,0.02475,,,,,,,,,,,,,,CLAS_EG1b
0.34758,0.0080220732947856,2.5,,,,-0.44224,0.1624,0.03444,,,,,,,-0.29858,0.10993,0.02275,,-0.30502,0.11405,0.02314,,,,,,,,,,,,,,CLAS_EG1b
0.34856,0.0080220732947856,2.5405,,,,-0.31232,0.16251,0.02855,,,,,,,-0.20637,0.10767,0.01796,,-0.20912,0.11144,0.01809,,,,,,,,,,,,,,CLAS_EG1b
0.3476,0.0080220732947856,2.5801,,,,-0.33359,0.16265,0.02606,,,,,,,-0.21738,0.10577,0.01606,,-0.22035,0.10922,0.01612,,,,,,,,,,,,,,CLAS_EG1b
0.3457,0.0080220732947856,2.6169,,,,-0.11543,0.20511,0.0403,,,,,,,-0.07371,0.13125,0.02504,,-0.07195,0.13526,0.0255,,,,,,,,,,,,,,CLAS_EG1b
0.34755,0.0080220732947856,2.66,,,,-0.17624,0.24292,0.07337,,,,,,,-0.11031,0.15274,0.04578,,-0.10963,0.1571,0.0469,,,,,,,,,,,,,,CLAS_EG1b
0.34822,0.0080220732947856,2.7004,,,,0.24429,0.23301,0.08454,,,,,,,0.15191,0.1441,0.0527,,0.15967,0.14796,0.05401,,,,,,,,,,,,,,CLAS_EG1b
0.34669,0.0080220732947856,2.7399,,,,-0.24516,0.26441,0.08294,,,,,,,-0.14932,0.16108,0.05055,,-0.14966,0.16515,0.05171,,,,,,,,,,,,,,CLAS_EG1b
0.34708,0.0080220732947856,2.7799,,,,-0.73446,0.50957,0.11202,,,,,,,-0.43865,0.30412,0.06661,,-0.4458,0.3113,0.06808,,,,,,,,,,,,,,CLAS_EG1b
0.3471,0.0080220732947856,2.82,,,,-0.82749,0.38115,0.18352,,,,,,,-0.48231,0.22248,0.10694,,-0.48989,0.2274,0.10921,,,,,,,,,,,,,,CLAS_EG1b
0.34713,0.0080220732947856,2.8601,,,,0.72672,0.37865,0.25145,,,,,,,0.41607,0.21622,0.14439,,0.42771,0.22074,0.14736,,,,,,,,,,,,,,CLAS_EG1b
0.34736,0.0080220732947856,2.9003,,,,0.64586,0.42843,0.34865,,,,,,,0.36087,0.23934,0.19416,,0.37078,0.24409,0.19792,,,,,,,,,,,,,,CLAS_EG1b
0.4142,0.0080220732947856,1.1403,,,,-0.00148,0.0238,0.01565,,,,,,,0.01604,0.09493,0.08466,,-0.01447,0.28683,0.19895,,,,,,,,,,,,,,CLAS_EG1b
0.41392,0.0080220732947856,1.1804,,,,-0.08413,0.02876,0.03337,,,,,,,-0.11189,0.03724,0.03887,,-0.25824,0.09913,0.13653,,,,,,,,,,,,,,CLAS_EG1b
0.41351,0.0080220732947856,1.2202,,,,-0.16595,0.03121,0.04263,,,,,,,-0.147,0.02764,0.04261,,-0.3162,0.06626,0.12734,,,,,,,,,,,,,,CLAS_EG1b
0.41326,0.0080220732947856,1.2598,,,,-0.16356,0.03072,0.03453,,,,,,,-0.1964,0.03516,0.03585,,-0.42893,0.07629,0.10114,,,,,,,,,,,,,,CLAS_EG1b
0.41313,0.0080220732947856,1.2998,,,,-0.02395,0.0294,0.01768,,,,,,,-0.04292,0.04783,0.02377,,-0.15101,0.09466,0.06032,,,,,,,,,,,,,,CLAS_EG1b
0.41327,0.0080220732947856,1.3398,,,,-0.01429,0.0288,0.00969,,,,,,,-0.0273,0.05752,0.01916,,-0.19667,0.10509,0.03654,,,,,,,,,,,,,,CLAS_EG1b
0.41341,0.0080220732947856,1.3799,,,,0.00355,0.02938,0.01188,,,,,,,0.00795,0.06347,0.02508,,-0.18609,0.10828,0.05697,,,,,,,,,,,,,,CLAS_EG1b
0.41342,0.0080220732947856,1.4199,,,,0.05568,0.03097,0.01479,,,,,,,0.11726,0.066,0.03054,,-0.03083,0.10602,0.08056,,,,,,,,,,,,,,CLAS_EG1b
0.4135,0.0080220732947856,1.46,,,,0.00703,0.0325,0.01548,,,,,,,0.01454,0.0615,0.02953,,-0.16114,0.09374,0.09572,,,,,,,,,,,,,,CLAS_EG1b
0.41325,0.0080220732947856,1.4999,,,,0.03475,0.03508,0.01456,,,,,,,0.05832,0.05851,0.02543,,-0.03887,0.08536,0.1015,,,,,,,,,,,,,,CLAS_EG1b
0.41306,0.0080220732947856,1.5398,,,,0.03321,0.03744,0.01362,,,,,,,0.05625,0.06395,0.02363,,-0.02723,0.08965,0.1005,,,,,,,,,,,,,,CLAS_EG1b
0.41355,0.0080220732947856,1.5799,,,,0.07204,0.04469,0.01258,,,,,,,0.1268,0.07815,0.02224,,0.04985,0.10589,0.09839,,,,,,,,,,,,,,CLAS_EG1b
0.41358,0.0080220732947856,1.6199,,,,-0.03717,0.05026,0.01245,,,,,,,-0.0657,0.08897,0.02142,,-0.1938,0.11675,0.09423,,,,,,,,,,,,,,CLAS_EG1b
0.41277,0.0080220732947856,1.6596,,,,0.01692,0.05203,0.0222,,,,,,,0.02565,0.08688,0.03403,,-0.03672,0.11108,0.08958,,,,,,,,,,,,,,CLAS_EG1b
0.41372,0.0080220732947856,1.6998,,,,0.07881,0.06271,0.03458,,,,,,,0.11508,0.09093,0.05098,,0.09448,0.11348,0.08859,,,,,,,,,,,,,,CLAS_EG1b
0.41437,0.0080220732947856,1.7399,,,,-0.06782,0.06165,0.03587,,,,,,,-0.09862,0.09009,0.05234,,-0.14902,0.11013,0.07829,,,,,,,,,,,,,,CLAS_EG1b
0.4145,0.0080220732947856,1.78,,,,-0.00193,0.06007,0.02413,,,,,,,-0.00237,0.08822,0.03498,,-0.02679,0.10584,0.05179,,,,,,,,,,,,,,CLAS_EG1b
0.41468,0.0080220732947856,1.82,,,,-0.09246,0.06001,0.01267,,,,,,,-0.13111,0.08564,0.01668,,-0.16926,0.10106,0.02628,,,,,,,,,,,,,,CLAS_EG1b
0.41482,0.0080220732947856,1.86,,,,-0.21284,0.06039,0.01272,,,,,,,-0.29143,0.08266,0.01517,,-0.351,0.09613,0.01818,,,,,,,,,,,,,,CLAS_EG1b
0.4147,0.0080220732947856,1.9001,,,,-0.15822,0.06023,0.01212,,,,,,,-0.2076,0.07867,0.01368,,-0.24407,0.09029,0.01379,,,,,,,,,,,,,,CLAS_EG1b
0.41431,0.0080220732947856,1.94,,,,-0.20694,0.06019,0.01334,,,,,,,-0.25769,0.07488,0.01497,,-0.28888,0.08493,0.01592,,,,,,,,,,,,,,CLAS_EG1b
0.41246,0.0080220732947856,1.9776,,,,-0.00781,0.07956,0.01675,,,,,,,-0.00806,0.09499,0.01927,,-0.00065,0.10673,0.02136,,,,,,,,,,,,,,CLAS_EG1b
0.41405,0.0080220732947856,2.0199,,,,-0.05548,0.14821,0.02107,,,,,,,-0.06092,0.16742,0.02353,,-0.05777,0.1861,0.02544,,,,,,,,,,,,,,CLAS_EG1b
0.41518,0.0080220732947856,2.06,,,,0.01703,0.15264,0.03013,,,,,,,0.02119,0.16475,0.03225,,0.03288,0.18164,0.03427,,,,,,,,,,,,,,CLAS_EG1b
0.41615,0.0080220732947856,2.1002,,,,0.14979,0.16221,0.03696,,,,,,,0.15416,0.16748,0.03822,,0.17705,0.18324,0.04058,,,,,,,,,,,,,,CLAS_EG1b
0.41632,0.0080220732947856,2.14,,,,-0.24976,0.16672,0.03685,,,,,,,-0.24833,0.16512,0.03617,,-0.262,0.17941,0.03816,,,,,,,,,,,,,,CLAS_EG1b
0.41615,0.0080220732947856,2.18,,,,-0.35281,0.17294,0.03329,,,,,,,-0.33564,0.1646,0.03117,,-0.3548,0.17772,0.03244,,,,,,,,,,,,,,CLAS_EG1b
0.41616,0.0080220732947856,2.2201,,,,-0.01361,0.17886,0.04081,,,,,,,-0.00983,0.16394,0.0368,,-0.00298,0.176,0.03848,,,,,,,,,,,,,,CLAS_EG1b
0.4153,0.0080220732947856,2.2601,,,,-0.06578,0.2167,0.06363,,,,,,,-0.05966,0.19165,0.05569,,-0.05718,0.20466,0.05882,,,,,,,,,,,,,,CLAS_EG1b
0.41527,0.0080220732947856,2.3002,,,,0.15337,0.22115,0.07021,,,,,,,0.1317,0.18906,0.06057,,0.14645,0.20093,0.06398,,,,,,,,,,,,,,CLAS_EG1b
0.41482,0.0080220732947856,2.3401,,,,-0.1363,0.22269,0.04816,,,,,,,-0.11165,0.18436,0.04076,,-0.11193,0.19509,0.04267,,,,,,,,,,,,,,CLAS_EG1b
0.41414,0.0080220732947856,2.38,,,,-0.2567,0.15589,0.02548,,,,,,,-0.20641,0.12496,0.01962,,-0.21187,0.13167,0.01953,,,,,,,,,,,,,,CLAS_EG1b
0.41509,0.0080220732947856,2.4202,,,,0.00645,0.14369,0.0311,,,,,,,0.00583,0.11212,0.02368,,0.01166,0.11776,0.02404,,,,,,,,,,,,,,CLAS_EG1b
0.41573,0.0080220732947856,2.4602,,,,-0.21387,0.14023,0.02998,,,,,,,-0.16262,0.1065,0.02224,,-0.1651,0.1115,0.02254,,,,,,,,,,,,,,CLAS_EG1b
0.4147,0.0080220732947856,2.5002,,,,-0.28142,0.14021,0.02132,,,,,,,-0.20917,0.10394,0.01466,,-0.21347,0.10848,0.01428,,,,,,,,,,,,,,CLAS_EG1b
0.41326,0.0080220732947856,2.5398,,,,-0.21405,0.14418,0.0219,,,,,,,-0.15592,0.10466,0.01499,,-0.15767,0.10892,0.01463,,,,,,,,,,,,,,CLAS_EG1b
0.41319,0.0080220732947856,2.5797,,,,-0.01829,0.16509,0.0338,,,,,,,-0.01303,0.1177,0.0237,,-0.00906,0.12218,0.02403,,,,,,,,,,,,,,CLAS_EG1b
0.41365,0.0080220732947856,2.6172,,,,-0.11541,0.23823,0.03711,,,,,,,-0.07975,0.1669,0.02572,,-0.07818,0.17286,0.02619,,,,,,,,,,,,,,CLAS_EG1b
0.41464,0.0080220732947856,2.6601,,,,-0.21128,0.27548,0.0283,,,,,,,-0.14538,0.19005,0.01882,,-0.14612,0.19643,0.01889,,,,,,,,,,,,,,CLAS_EG1b
0.41403,0.0080220732947856,2.6999,,,,-0.25328,0.37362,0.06498,,,,,,,-0.17172,0.2535,0.04313,,-0.1732,0.26145,0.04418,,,,,,,,,,,,,,CLAS_EG1b
0.41433,0.0080220732947856,2.74,,,,-0.71462,0.41169,0.09821,,,,,,,-0.47695,0.27474,0.06522,,-0.48729,0.28283,0.067,,,,,,,,,,,,,,CLAS_EG1b
0.41384,0.0080220732947856,2.7799,,,,-0.53044,0.46003,0.14403,,,,,,,-0.34751,0.30151,0.09364,,-0.35358,0.30985,0.09609,,,,,,,,,,,,,,CLAS_EG1b
0.41435,0.0080220732947856,2.8201,,,,0.52297,0.33783,0.18562,,,,,,,0.33485,0.21693,0.11915,,0.34685,0.22258,0.12216,,,,,,,,,,,,,,CLAS_EG1b
0.414,0.0080220732947856,2.8601,,,,0.15964,0.33987,0.21732,,,,,,,0.09847,0.21343,0.13658,,0.10395,0.21866,0.13985,,,,,,,,,,,,,,CLAS_EG1b
0.41371,0.0080220732947856,2.9,,,,0.79918,0.48445,0.32754,,,,,,,0.49174,0.2986,0.19965,,0.50624,0.30559,0.20413,,,,,,,,,,,,,,CLAS_EG1b
0.49326,0.0080220732947856,1.1403,,,,0.03919,0.02106,0.01824,,,,,,,0.15998,0.09886,0.09445,,0.42422,0.2979,0.20931,,,,,,,,,,,,,,CLAS_EG1b
0.49313,0.0080220732947856,1.1804,,,,-0.10587,0.02511,0.03929,,,,,,,-0.15363,0.03867,0.05415,,-0.35903,0.10379,0.15127,,,,,,,,,,,,,,CLAS_EG1b
0.49292,0.0080220732947856,1.2202,,,,-0.09358,0.02744,0.05186,,,,,,,-0.09816,0.02884,0.06167,,-0.19522,0.0702,0.15507,,,,,,,,,,,,,,CLAS_EG1b
0.49271,0.0080220732947856,1.2599,,,,-0.08302,0.02754,0.04528,,,,,,,-0.11565,0.0372,0.05764,,-0.25622,0.08242,0.1347,,,,,,,,,,,,,,CLAS_EG1b
0.49241,0.0080220732947856,1.2997,,,,-0.08677,0.02683,0.0266,,,,,,,-0.16673,0.05093,0.04185,,-0.40142,0.10334,0.09059,,,,,,,,,,,,,,CLAS_EG1b
0.49255,0.0080220732947856,1.3398,,,,-0.01916,0.02717,0.0109,,,,,,,-0.04565,0.0624,0.02217,,-0.2308,0.1172,0.05734,,,,,,,,,,,,,,CLAS_EG1b
0.49281,0.0080220732947856,1.3798,,,,0.01066,0.02833,0.00574,,,,,,,0.02606,0.06962,0.01383,,-0.15708,0.12225,0.07018,,,,,,,,,,,,,,CLAS_EG1b
0.49284,0.0080220732947856,1.4199,,,,-0.00878,0.03065,0.00919,,,,,,,-0.02039,0.07387,0.02097,,-0.25539,0.12221,0.0951,,,,,,,,,,,,,,CLAS_EG1b
0.49323,0.0080220732947856,1.46,,,,0.04234,0.03257,0.01625,,,,,,,0.09374,0.06942,0.03275,,-0.04129,0.10893,0.11491,,,,,,,,,,,,,,CLAS_EG1b
0.49391,0.0080220732947856,1.5001,,,,-0.00548,0.03446,0.02164,,,,,,,-0.00994,0.06468,0.04141,,-0.14428,0.09718,0.12574,,,,,,,,,,,,,,CLAS_EG1b
0.49416,0.0080220732947856,1.54,,,,-0.0061,0.03922,0.02003,,,,,,,-0.01157,0.07534,0.03794,,-0.12938,0.10871,0.12425,,,,,,,,,,,,,,CLAS_EG1b
0.4934,0.0080220732947856,1.5798,,,,-0.06148,0.0392,0.01468,,,,,,,-0.12119,0.07708,0.02812,,-0.29552,0.10729,0.12048,,,,,,,,,,,,,,CLAS_EG1b
0.49368,0.0080220732947856,1.6198,,,,0.00866,0.04814,0.01739,,,,,,,0.01706,0.09545,0.03291,,-0.09606,0.12871,0.12192,,,,,,,,,,,,,,CLAS_EG1b
0.49442,0.0080220732947856,1.66,,,,-0.0316,0.05201,0.02811,,,,,,,-0.05641,0.09577,0.04858,,-0.14811,0.1254,0.11867,,,,,,,,,,,,,,CLAS_EG1b
0.49439,0.0080220732947856,1.7,,,,-0.04684,0.0526,0.03863,,,,,,,-0.07426,0.08434,0.06307,,-0.15214,0.10775,0.1109,,,,,,,,,,,,,,CLAS_EG1b
0.49437,0.0080220732947856,1.74,,,,-0.09055,0.05234,0.03904,,,,,,,-0.14603,0.08524,0.06301,,-0.21815,0.10653,0.09556,,,,,,,,,,,,,,CLAS_EG1b
0.49477,0.0080220732947856,1.78,,,,-0.05165,0.05202,0.02689,,,,,,,-0.08505,0.08567,0.0433,,-0.13116,0.10495,0.06468,,,,,,,,,,,,,,CLAS_EG1b
0.49526,0.0080220732947856,1.82,,,,-0.08795,0.05208,0.01337,,,,,,,-0.1418,0.08356,0.02025,,-0.18678,0.10057,0.03328,,,,,,,,,,,,,,CLAS_EG1b
0.49576,0.0080220732947856,1.8601,,,,-0.10255,0.05251,0.01061,,,,,,,-0.15831,0.08087,0.01426,,-0.20136,0.0958,0.02059,,,,,,,,,,,,,,CLAS_EG1b
0.49607,0.0080220732947856,1.9,,,,-0.12176,0.05302,0.01112,,,,,,,-0.17797,0.07789,0.01435,,-0.21512,0.09096,0.01715,,,,,,,,,,,,,,CLAS_EG1b
0.49528,0.0080220732947856,1.9397,,,,-0.09554,0.05589,0.01626,,,,,,,-0.1335,0.07816,0.0209,,-0.15188,0.09013,0.02384,,,,,,,,,,,,,,CLAS_EG1b
0.4959,0.0080220732947856,1.9795,,,,-0.08737,0.11184,0.0235,,,,,,,-0.11892,0.14894,0.02949,,-0.12878,0.16987,0.03339,,,,,,,,,,,,,,CLAS_EG1b
0.49595,0.0080220732947856,2.0201,,,,-0.26753,0.12539,0.02714,,,,,,,-0.34156,0.1581,0.03275,,-0.37747,0.1783,0.03634,,,,,,,,,,,,,,CLAS_EG1b
0.49463,0.0080220732947856,2.0599,,,,-0.18052,0.13074,0.02835,,,,,,,-0.21705,0.15714,0.03277,,-0.23421,0.17554,0.03516,,,,,,,,,,,,,,CLAS_EG1b
0.49393,0.0080220732947856,2.0998,,,,-0.06446,0.13757,0.02894,,,,,,,-0.07292,0.15786,0.03274,,-0.07265,0.17483,0.0344,,,,,,,,,,,,,,CLAS_EG1b
0.49414,0.0080220732947856,2.1399,,,,-0.05326,0.14353,0.02975,,,,,,,-0.05321,0.15765,0.03223,,-0.04992,0.17326,0.03358,,,,,,,,,,,,,,CLAS_EG1b
0.49469,0.0080220732947856,2.18,,,,-0.2488,0.14828,0.03345,,,,,,,-0.26082,0.15628,0.03438,,-0.27717,0.17056,0.03586,,,,,,,,,,,,,,CLAS_EG1b
0.49547,0.0080220732947856,2.2201,,,,-0.0102,0.15682,0.03273,,,,,,,-0.00875,0.15911,0.03287,,-0.00231,0.17259,0.03415,,,,,,,,,,,,,,CLAS_EG1b
0.49524,0.0080220732947856,2.2602,,,,-0.20531,0.14772,0.02515,,,,,,,-0.20183,0.14392,0.02402,,-0.21125,0.15511,0.02411,,,,,,,,,,,,,,CLAS_EG1b
0.49514,0.0080220732947856,2.3001,,,,-0.1584,0.12784,0.0232,,,,,,,-0.14661,0.12061,0.02027,,-0.15048,0.12935,0.0198,,,,,,,,,,,,,,CLAS_EG1b
0.49528,0.0080220732947856,2.34,,,,-0.27696,0.12745,0.03055,,,,,,,-0.25254,0.11636,0.02652,,-0.26346,0.1242,0.02699,,,,,,,,,,,,,,CLAS_EG1b
0.49501,0.0080220732947856,2.3801,,,,-0.06414,0.12689,0.03813,,,,,,,-0.05773,0.1123,0.03303,,-0.05574,0.11932,0.03415,,,,,,,,,,,,,,CLAS_EG1b
0.49392,0.0080220732947856,2.42,,,,-0.1136,0.12627,0.03862,,,,,,,-0.09655,0.10853,0.03309,,-0.09651,0.11484,0.03421,,,,,,,,,,,,,,CLAS_EG1b
0.49345,0.0080220732947856,2.4599,,,,-0.05779,0.12885,0.03216,,,,,,,-0.04756,0.10775,0.02682,,-0.04477,0.11359,0.0274,,,,,,,,,,,,,,CLAS_EG1b
0.49398,0.0080220732947856,2.4999,,,,-0.14884,0.13633,0.02588,,,,,,,-0.12032,0.11125,0.02076,,-0.12122,0.11688,0.02077,,,,,,,,,,,,,,CLAS_EG1b
0.49491,0.0080220732947856,2.54,,,,-0.13847,0.14372,0.02531,,,,,,,-0.11024,0.11476,0.01973,,-0.11058,0.12019,0.01964,,,,,,,,,,,,,,CLAS_EG1b
0.49422,0.0080220732947856,2.5794,,,,-0.02623,0.14572,0.02963,,,,,,,-0.02053,0.11426,0.02263,,-0.01681,0.11933,0.02281,,,,,,,,,,,,,,CLAS_EG1b
0.49361,0.0080220732947856,2.6196,,,,-0.35969,0.21777,0.04858,,,,,,,-0.27741,0.16795,0.03653,,-0.28445,0.17491,0.03756,,,,,,,,,,,,,,CLAS_EG1b
0.49398,0.0080220732947856,2.6599,,,,-0.58328,0.29279,0.06348,,,,,,,-0.44423,0.22251,0.04759,,-0.45743,0.23119,0.04914,,,,,,,,,,,,,,CLAS_EG1b
0.49397,0.0080220732947856,2.6999,,,,-0.37255,0.33724,0.05864,,,,,,,-0.2787,0.25237,0.04347,,-0.28475,0.26159,0.04479,,,,,,,,,,,,,,CLAS_EG1b
0.49382,0.0080220732947856,2.7399,,,,-0.44003,0.37355,0.09998,,,,,,,-0.32471,0.27529,0.07241,,-0.33196,0.28474,0.07461,,,,,,,,,,,,,,CLAS_EG1b
0.49466,0.0080220732947856,2.7801,,,,-0.86437,0.33015,0.14812,,,,,,,-0.62458,0.23887,0.10671,,-0.6408,0.24656,0.11001,,,,,,,,,,,,,,CLAS_EG1b
0.49378,0.0080220732947856,2.8199,,,,0.13189,0.31111,0.16792,,,,,,,0.09271,0.22123,0.11915,,0.09904,0.22796,0.12267,,,,,,,,,,,,,,CLAS_EG1b
0.49349,0.0080220732947856,2.8599,,,,0.38679,0.32749,0.22616,,,,,,,0.26857,0.22805,0.15634,,0.27965,0.23457,0.16066,,,,,,,,,,,,,,CLAS_EG1b
0.48545,0.0080220732947856,2.9665,,,,0.70299,0.78285,0.31262,,,,,,,0.45927,0.51128,0.20652,,0.47351,0.52378,0.21169,,,,,,,,,,,,,,CLAS_EG1b
0.58817,0.0080220732947856,1.1402,,,,-0.03188,0.01922,0.01315,,,,,,,-0.18757,0.1093,0.09091,,-0.58243,0.3252,0.20919,,,,,,,,,,,,,,CLAS_EG1b
0.58823,0.0080220732947856,1.1804,,,,-0.10191,0.02252,0.02795,,,,,,,-0.19918,0.04258,0.04756,,-0.47814,0.11409,0.11668,,,,,,,,,,,,,,CLAS_EG1b
0.58852,0.0080220732947856,1.2201,,,,-0.17248,0.02483,0.03597,,,,,,,-0.2217,0.03197,0.05214,,-0.49731,0.0783,0.11959,,,,,,,,,,,,,,CLAS_EG1b
0.58883,0.0080220732947856,1.2599,,,,-0.09893,0.02516,0.03003,,,,,,,-0.16052,0.04136,0.04571,,-0.35755,0.09282,0.09953,,,,,,,,,,,,,,CLAS_EG1b
0.58889,0.0080220732947856,1.2998,,,,-0.02734,0.02467,0.01675,,,,,,,-0.0639,0.05621,0.03213,,-0.19073,0.11612,0.06144,,,,,,,,,,,,,,CLAS_EG1b
0.58922,0.0080220732947856,1.3399,,,,0.00743,0.02507,0.00836,,,,,,,0.01625,0.06788,0.02119,,-0.10917,0.13028,0.05611,,,,,,,,,,,,,,CLAS_EG1b
0.58972,0.0080220732947856,1.38,,,,0.00248,0.02598,0.00594,,,,,,,0.00743,0.07426,0.01659,,-0.18897,0.13355,0.08823,,,,,,,,,,,,,,CLAS_EG1b
0.58976,0.0080220732947856,1.4201,,,,-0.03282,0.02757,0.00628,,,,,,,-0.09324,0.07669,0.01655,,-0.38499,0.13016,0.11845,,,,,,,,,,,,,,CLAS_EG1b
0.58905,0.0080220732947856,1.4601,,,,0.01605,0.02965,0.01548,,,,,,,0.0336,0.07274,0.03433,,-0.14052,0.11721,0.14254,,,,,,,,,,,,,,CLAS_EG1b
0.58853,0.0080220732947856,1.4999,,,,-0.0281,0.03313,0.02623,,,,,,,-0.06026,0.07122,0.0574,,-0.22407,0.10984,0.16409,,,,,,,,,,,,,,CLAS_EG1b
0.59001,0.0080220732947856,1.5399,,,,0.1132,0.04004,0.03011,,,,,,,0.24902,0.08804,0.06657,,0.25253,0.13035,0.17754,,,,,,,,,,,,,,CLAS_EG1b
0.59197,0.0080220732947856,1.5801,,,,-0.02848,0.04284,0.02704,,,,,,,-0.06445,0.09633,0.06036,,-0.22387,0.13757,0.17711,,,,,,,,,,,,,,CLAS_EG1b
0.59246,0.0080220732947856,1.62,,,,-0.01893,0.0444,0.02655,,,,,,,-0.04346,0.09998,0.05769,,-0.18644,0.1382,0.16665,,,,,,,,,,,,,,CLAS_EG1b
0.5926,0.0080220732947856,1.6602,,,,-0.05535,0.04542,0.03535,,,,,,,-0.11013,0.09394,0.06933,,-0.22639,0.12605,0.15301,,,,,,,,,,,,,,CLAS_EG1b
0.59206,0.0080220732947856,1.7001,,,,-0.01117,0.0462,0.04501,,,,,,,-0.02082,0.08287,0.08281,,-0.09083,0.10838,0.14199,,,,,,,,,,,,,,CLAS_EG1b
0.59127,0.0080220732947856,1.7401,,,,-0.05952,0.04595,0.04377,,,,,,,-0.10921,0.0844,0.07977,,-0.18035,0.10785,0.12193,,,,,,,,,,,,,,CLAS_EG1b
0.59017,0.0080220732947856,1.78,,,,-0.00724,0.04564,0.03074,,,,,,,-0.0134,0.08527,0.05661,,-0.04507,0.10667,0.08413,,,,,,,,,,,,,,CLAS_EG1b
0.59007,0.0080220732947856,1.82,,,,0.0261,0.04608,0.01792,,,,,,,0.04739,0.08409,0.03279,,0.04134,0.10322,0.04898,,,,,,,,,,,,,,CLAS_EG1b
0.59012,0.0080220732947856,1.86,,,,-0.06123,0.047,0.01387,,,,,,,-0.10935,0.08236,0.02363,,-0.14842,0.0994,0.03305,,,,,,,,,,,,,,CLAS_EG1b
0.58957,0.0080220732947856,1.8999,,,,-0.1139,0.04843,0.01347,,,,,,,-0.1909,0.08088,0.02085,,-0.2372,0.09613,0.02663,,,,,,,,,,,,,,CLAS_EG1b
0.58652,0.0080220732947856,1.9384,,,,-0.13354,0.07036,0.02425,,,,,,,-0.21252,0.11235,0.03667,,-0.25003,0.13187,0.04287,,,,,,,,,,,,,,CLAS_EG1b
0.58843,0.0080220732947856,1.9798,,,,0.04893,0.11357,0.03371,,,,,,,0.07622,0.17037,0.05051,,0.09521,0.19719,0.0582,,,,,,,,,,,,,,CLAS_EG1b
0.58935,0.0080220732947856,2.0198,,,,-0.00976,0.11714,0.0309,,,,,,,-0.01238,0.16659,0.04482,,-0.00644,0.19068,0.05081,,,,,,,,,,,,,,CLAS_EG1b
0.59033,0.0080220732947856,2.06,,,,-0.15702,0.12178,0.02319,,,,,,,-0.20611,0.16448,0.03007,,-0.22504,0.18635,0.03216,,,,,,,,,,,,,,CLAS_EG1b
0.59112,0.0080220732947856,2.1001,,,,-0.30549,0.12001,0.02368,,,,,,,-0.39272,0.1543,0.02787,,-0.43379,0.17319,0.02854,,,,,,,,,,,,,,CLAS_EG1b
0.59215,0.0080220732947856,2.1402,,,,-0.16535,0.11443,0.02597,,,,,,,-0.20275,0.1406,0.03023,,-0.2188,0.15651,0.0312,,,,,,,,,,,,,,CLAS_EG1b
0.59246,0.0080220732947856,2.1802,,,,-0.17243,0.1113,0.02625,,,,,,,-0.2025,0.13101,0.02927,,-0.21698,0.14472,0.03003,,,,,,,,,,,,,,CLAS_EG1b
0.59174,0.0080220732947856,2.2201,,,,-0.34733,0.10924,0.0252,,,,,,,-0.39286,0.1235,0.02637,,-0.42449,0.13545,0.02661,,,,,,,,,,,,,,CLAS_EG1b
0.59068,0.0080220732947856,2.26,,,,-0.14053,0.1087,0.02298,,,,,,,-0.15177,0.11831,0.02347,,-0.15894,0.12891,0.02318,,,,,,,,,,,,,,CLAS_EG1b
0.59041,0.0080220732947856,2.2999,,,,-0.04001,0.1093,0.0235,,,,,,,-0.04239,0.11476,0.0235,,-0.03998,0.1243,0.02324,,,,,,,,,,,,,,CLAS_EG1b
0.58979,0.0080220732947856,2.3399,,,,-0.30746,0.11079,0.02594,,,,,,,-0.31217,0.11246,0.02505,,-0.3305,0.12114,0.02516,,,,,,,,,,,,,,CLAS_EG1b
0.59026,0.0080220732947856,2.38,,,,-0.11066,0.11193,0.03061,,,,,,,-0.10906,0.11002,0.02927,,-0.11135,0.11794,0.02995,,,,,,,,,,,,,,CLAS_EG1b
0.59152,0.0080220732947856,2.42,,,,0.0174,0.11195,0.03316,,,,,,,0.01727,0.10676,0.03155,,0.02395,0.11393,0.0325,,,,,,,,,,,,,,CLAS_EG1b
0.59153,0.0080220732947856,2.4601,,,,-0.11271,0.11104,0.03205,,,,,,,-0.10351,0.10293,0.02957,,-0.10463,0.10939,0.03032,,,,,,,,,,,,,,CLAS_EG1b
0.5913,0.0080220732947856,2.5001,,,,-0.06619,0.11138,0.03092,,,,,,,-0.06005,0.10069,0.02751,,-0.05856,0.10659,0.02808,,,,,,,,,,,,,,CLAS_EG1b
0.59168,0.0080220732947856,2.5402,,,,-0.27538,0.11012,0.02796,,,,,,,-0.24364,0.09741,0.02401,,-0.25213,0.10275,0.02429,,,,,,,,,,,,,,CLAS_EG1b
0.58693,0.0080220732947856,2.5762,,,,-0.14254,0.13956,0.03527,,,,,,,-0.12408,0.12145,0.02978,,-0.12576,0.12771,0.03045,,,,,,,,,,,,,,CLAS_EG1b
0.58943,0.0080220732947856,2.62,,,,-0.17036,0.21793,0.04683,,,,,,,-0.1464,0.18634,0.0395,,-0.14903,0.19532,0.04076,,,,,,,,,,,,,,CLAS_EG1b
0.58939,0.0080220732947856,2.6599,,,,-0.08756,0.28191,0.05293,,,,,,,-0.07476,0.23747,0.04401,,-0.07391,0.24818,0.04547,,,,,,,,,,,,,,CLAS_EG1b
0.58992,0.0080220732947856,2.7,,,,-0.47558,0.30744,0.0652,,,,,,,-0.39506,0.25542,0.05336,,-0.40753,0.26626,0.05523,,,,,,,,,,,,,,CLAS_EG1b
0.58955,0.0080220732947856,2.74,,,,-0.55764,0.34032,0.09338,,,,,,,-0.45791,0.27879,0.0757,,-0.47224,0.28992,0.07842,,,,,,,,,,,,,,CLAS_EG1b
0.58823,0.0080220732947856,2.7797,,,,0.13389,0.30427,0.1264,,,,,,,0.10637,0.24528,0.10134,,0.11411,0.25445,0.1049,,,,,,,,,,,,,,CLAS_EG1b
0.58912,0.0080220732947856,2.8199,,,,0.2142,0.30311,0.15083,,,,,,,0.1682,0.24034,0.11918,,0.17779,0.24883,0.1232,,,,,,,,,,,,,,CLAS_EG1b
0.58989,0.0080220732947856,2.86,,,,0.32218,0.26733,0.14239,,,,,,,0.25183,0.20741,0.11121,,0.26401,0.21429,0.11484,,,,,,,,,,,,,,CLAS_EG1b
0.59054,0.0080220732947856,2.9002,,,,-0.46587,0.19842,0.09574,,,,,,,-0.35506,0.15093,0.07373,,-0.3628,0.15569,0.076,,,,,,,,,,,,,,CLAS_EG1b
0.58618,0.0080220732947856,2.9379,,,,-0.16555,0.21449,0.25209,,,,,,,-0.12192,0.15953,0.1845,,-0.1221,0.16427,0.18947,,,,,,,,,,,,,,CLAS_EG1b
0.70466,0.0080220732947856,1.1403,,,,-0.02567,0.01677,0.01054,,,,,,,-0.27645,0.1194,0.08846,,-0.82349,0.34705,0.23624,,,,,,,,,,,,,,CLAS_EG1b
0.70504,0.0080220732947856,1.1804,,,,-0.05988,0.01949,0.02223,,,,,,,-0.14886,0.0466,0.04966,,-0.3311,0.1234,0.10392,,,,,,,,,,,,,,CLAS_EG1b
0.70551,0.0080220732947856,1.2202,,,,-0.1241,0.02147,0.02817,,,,,,,-0.20055,0.03493,0.051,,-0.43746,0.08529,0.09479,,,,,,,,,,,,,,CLAS_EG1b
0.70601,0.0080220732947856,1.26,,,,-0.03101,0.0219,0.02295,,,,,,,-0.06448,0.04513,0.0438,,-0.1355,0.10173,0.07447,,,,,,,,,,,,,,CLAS_EG1b
0.70555,0.0080220732947856,1.3,,,,-0.00864,0.02206,0.01398,,,,,,,-0.02775,0.06196,0.03624,,-0.11013,0.12936,0.04819,,,,,,,,,,,,,,CLAS_EG1b
0.70446,0.0080220732947856,1.3399,,,,-0.01342,0.02347,0.01126,,,,,,,-0.04328,0.07677,0.03593,,-0.22761,0.14963,0.07365,,,,,,,,,,,,,,CLAS_EG1b
0.70392,0.0080220732947856,1.38,,,,-0.02252,0.02623,0.0109,,,,,,,-0.07662,0.08927,0.0365,,-0.33857,0.16358,0.12492,,,,,,,,,,,,,,CLAS_EG1b
0.70412,0.0080220732947856,1.4201,,,,0.01975,0.03097,0.0132,,,,,,,0.06338,0.10182,0.04113,,-0.11296,0.17656,0.17324,,,,,,,,,,,,,,CLAS_EG1b
0.70409,0.0080220732947856,1.4602,,,,-0.0498,0.03482,0.02424,,,,,,,-0.14413,0.1001,0.06473,,-0.42803,0.16485,0.20861,,,,,,,,,,,,,,CLAS_EG1b
0.70387,0.0080220732947856,1.5001,,,,0.07169,0.03573,0.03478,,,,,,,0.17969,0.08963,0.08897,,0.15379,0.14133,0.22614,,,,,,,,,,,,,,CLAS_EG1b
0.70354,0.0080220732947856,1.5401,,,,-0.00343,0.03606,0.03634,,,,,,,-0.00838,0.09239,0.09304,,-0.13131,0.13994,0.22654,,,,,,,,,,,,,,CLAS_EG1b
0.70264,0.0080220732947856,1.5799,,,,0.01717,0.03711,0.03249,,,,,,,0.04464,0.09707,0.08443,,-0.06942,0.14179,0.2187,,,,,,,,,,,,,,CLAS_EG1b
0.70298,0.0080220732947856,1.62,,,,0.0323,0.03858,0.03266,,,,,,,0.08336,0.10025,0.08264,,-0.00986,0.1417,0.20547,,,,,,,,,,,,,,CLAS_EG1b
0.70322,0.0080220732947856,1.66,,,,-0.00415,0.03986,0.04053,,,,,,,-0.0169,0.09388,0.0918,,-0.10645,0.12876,0.18749,,,,,,,,,,,,,,CLAS_EG1b
0.70334,0.0080220732947856,1.7,,,,-0.00433,0.04061,0.04851,,,,,,,-0.00854,0.08247,0.1019,,-0.07911,0.11021,0.17189,,,,,,,,,,,,,,CLAS_EG1b
0.70322,0.0080220732947856,1.74,,,,-0.0091,0.04094,0.04549,,,,,,,-0.02008,0.08583,0.09461,,-0.0715,0.11201,0.14577,,,,,,,,,,,,,,CLAS_EG1b
0.70322,0.0080220732947856,1.7799,,,,-0.01411,0.04085,0.03173,,,,,,,-0.03016,0.08769,0.06705,,-0.0678,0.11196,0.10039,,,,,,,,,,,,,,CLAS_EG1b
0.70302,0.0080220732947856,1.8198,,,,0.03655,0.04205,0.01953,,,,,,,0.0764,0.08836,0.04094,,0.07794,0.11063,0.06012,,,,,,,,,,,,,,CLAS_EG1b
0.70274,0.0080220732947856,1.8598,,,,-0.10109,0.04631,0.01567,,,,,,,-0.2046,0.09351,0.03073,,-0.26943,0.11502,0.04292,,,,,,,,,,,,,,CLAS_EG1b
0.7025,0.0080220732947856,1.899,,,,-0.07864,0.05933,0.0212,,,,,,,-0.15209,0.11443,0.03915,,-0.1982,0.13865,0.04913,,,,,,,,,,,,,,CLAS_EG1b
0.70689,0.0080220732947856,1.9401,,,,0.07403,0.09469,0.02922,,,,,,,0.13291,0.17195,0.05242,,0.15672,0.20513,0.06263,,,,,,,,,,,,,,CLAS_EG1b
0.7076,0.0080220732947856,1.9801,,,,-0.15875,0.09277,0.03001,,,,,,,-0.27389,0.15901,0.05087,,-0.31829,0.1872,0.05942,,,,,,,,,,,,,,CLAS_EG1b
0.70773,0.0080220732947856,2.0201,,,,-0.14384,0.09033,0.02558,,,,,,,-0.23179,0.14625,0.04006,,-0.2636,0.1701,0.04539,,,,,,,,,,,,,,CLAS_EG1b
0.7067,0.0080220732947856,2.0601,,,,-0.09871,0.08843,0.02148,,,,,,,-0.15557,0.1356,0.03129,,-0.17416,0.15596,0.03371,,,,,,,,,,,,,,CLAS_EG1b
0.7049,0.0080220732947856,2.1,,,,-0.14581,0.08762,0.02169,,,,,,,-0.21158,0.12767,0.02954,,-0.23489,0.14534,0.03066,,,,,,,,,,,,,,CLAS_EG1b
0.70394,0.0080220732947856,2.1399,,,,-0.09764,0.08833,0.02366,,,,,,,-0.13536,0.12269,0.03104,,-0.14685,0.13838,0.03232,,,,,,,,,,,,,,CLAS_EG1b
0.70359,0.0080220732947856,2.1799,,,,-0.27617,0.08992,0.0252,,,,,,,-0.36841,0.11942,0.03167,,-0.40662,0.13356,0.03295,,,,,,,,,,,,,,CLAS_EG1b
0.70425,0.0080220732947856,2.2199,,,,-0.01367,0.09115,0.02669,,,,,,,-0.01776,0.11605,0.03289,,-0.01412,0.12879,0.03429,,,,,,,,,,,,,,CLAS_EG1b
0.70442,0.0080220732947856,2.26,,,,-0.14465,0.09246,0.02657,,,,,,,-0.17758,0.11314,0.03189,,-0.19022,0.12468,0.03305,,,,,,,,,,,,,,CLAS_EG1b
0.7047,0.0080220732947856,2.2999,,,,0.01106,0.09393,0.02662,,,,,,,0.01371,0.11073,0.03071,,0.02064,0.12123,0.03162,,,,,,,,,,,,,,CLAS_EG1b
0.70504,0.0080220732947856,2.3401,,,,-0.17334,0.09375,0.02606,,,,,,,-0.19893,0.10667,0.02872,,-0.21143,0.1161,0.02936,,,,,,,,,,,,,,CLAS_EG1b
0.70484,0.0080220732947856,2.3801,,,,-0.17461,0.09259,0.02478,,,,,,,-0.19341,0.10191,0.02605,,-0.20428,0.11031,0.02632,,,,,,,,,,,,,,CLAS_EG1b
0.70435,0.0080220732947856,2.42,,,,-0.06885,0.09217,0.02632,,,,,,,-0.07246,0.09833,0.02713,,-0.0727,0.10589,0.02762,,,,,,,,,,,,,,CLAS_EG1b
0.70469,0.0080220732947856,2.4601,,,,-0.13878,0.09269,0.0284,,,,,,,-0.14392,0.09604,0.02842,,-0.14926,0.10294,0.02911,,,,,,,,,,,,,,CLAS_EG1b
0.70497,0.0080220732947856,2.5002,,,,-0.20889,0.09258,0.02671,,,,,,,-0.21097,0.09345,0.02587,,-0.22027,0.09974,0.02632,,,,,,,,,,,,,,CLAS_EG1b
0.70142,0.0080220732947856,2.5389,,,,-0.12858,0.0978,0.02299,,,,,,,-0.12655,0.09663,0.02162,,-0.1296,0.10272,0.02148,,,,,,,,,,,,,,CLAS_EG1b
0.70135,0.0080220732947856,2.579,,,,-0.20959,0.1764,0.03365,,,,,,,-0.20373,0.17103,0.03123,,-0.21116,0.18112,0.03198,,,,,,,,,,,,,,CLAS_EG1b
0.70325,0.0080220732947856,2.6199,,,,-0.44941,0.22852,0.05044,,,,,,,-0.42999,0.218,0.04676,,-0.44958,0.23009,0.04868,,,,,,,,,,,,,,CLAS_EG1b
0.70282,0.0080220732947856,2.6599,,,,-0.44834,0.25346,0.06166,,,,,,,-0.4213,0.23833,0.05697,,-0.4387,0.25073,0.05943,,,,,,,,,,,,,,CLAS_EG1b
0.70293,0.0080220732947856,2.6999,,,,-0.09624,0.27418,0.06004,,,,,,,-0.08932,0.25447,0.05532,,-0.08934,0.26693,0.05759,,,,,,,,,,,,,,CLAS_EG1b
0.70416,0.0080220732947856,2.74,,,,-0.20516,0.23102,0.04427,,,,,,,-0.18692,0.21126,0.04033,,-0.19111,0.22095,0.04167,,,,,,,,,,,,,,CLAS_EG1b
0.70601,0.0080220732947856,2.7801,,,,-0.09817,0.17603,0.03519,,,,,,,-0.08922,0.15897,0.0312,,-0.08907,0.16589,0.03185,,,,,,,,,,,,,,CLAS_EG1b
0.70589,0.0080220732947856,2.8201,,,,-0.11311,0.17252,0.03566,,,,,,,-0.10024,0.15335,0.03128,,-0.10032,0.15965,0.03196,,,,,,,,,,,,,,CLAS_EG1b
0.70556,0.0080220732947856,2.8601,,,,-0.33907,0.17157,0.02978,,,,,,,-0.29597,0.14976,0.02538,,-0.30359,0.15557,0.02573,,,,,,,,,,,,,,CLAS_EG1b
0.70486,0.0080220732947856,2.9,,,,-0.17378,0.17388,0.0345,,,,,,,-0.14886,0.14868,0.0288,,-0.15063,0.15413,0.0293,,,,,,,,,,,,,,CLAS_EG1b
0.69089,0.0080220732947856,2.9292,,,,-0.10757,0.28643,0.03945,,,,,,,-0.09062,0.24087,0.03299,,-0.09023,0.2492,0.03379,,,,,,,,,,,,,,CLAS_EG1b
0.83649,0.0080220732947856,1.1402,,,,-0.00242,0.01575,0.00907,,,,,,,-0.00408,0.14678,0.09429,,0.00341,0.41404,0.26938,,,,,,,,,,,,,,CLAS_EG1b
0.83576,0.0080220732947856,1.1803,,,,-0.06468,0.01898,0.01825,,,,,,,-0.19595,0.0594,0.05539,,-0.43756,0.15426,0.10432,,,,,,,,,,,,,,CLAS_EG1b
0.83581,0.0080220732947856,1.2201,,,,-0.07523,0.02208,0.02313,,,,,,,-0.15999,0.04674,0.0547,,-0.3255,0.11291,0.09122,,,,,,,,,,,,,,CLAS_EG1b
0.83684,0.0080220732947856,1.26,,,,-0.07755,0.02428,0.01957,,,,,,,-0.2212,0.06432,0.0496,,-0.47462,0.14446,0.07734,,,,,,,,,,,,,,CLAS_EG1b
0.83782,0.0080220732947856,1.2999,,,,-0.05202,0.02576,0.01391,,,,,,,-0.18841,0.09161,0.04747,,-0.44182,0.19166,0.06935,,,,,,,,,,,,,,CLAS_EG1b
0.83824,0.0080220732947856,1.34,,,,0.03707,0.02641,0.01317,,,,,,,0.15078,0.10714,0.05239,,0.15824,0.21017,0.10778,,,,,,,,,,,,,,CLAS_EG1b
0.83841,0.0080220732947856,1.38,,,,0.01676,0.02755,0.01333,,,,,,,0.06967,0.1143,0.05436,,-0.06226,0.21163,0.15853,,,,,,,,,,,,,,CLAS_EG1b
0.8388,0.0080220732947856,1.4201,,,,0.01186,0.02872,0.01459,,,,,,,0.05037,0.11379,0.05581,,-0.12268,0.19992,0.19889,,,,,,,,,,,,,,CLAS_EG1b
0.83894,0.0080220732947856,1.4602,,,,0.00035,0.0303,0.02243,,,,,,,0.00377,0.10434,0.07282,,-0.18041,0.17472,0.22341,,,,,,,,,,,,,,CLAS_EG1b
0.83911,0.0080220732947856,1.5001,,,,0.03755,0.03107,0.03128,,,,,,,0.11179,0.09264,0.09565,,0.05106,0.14875,0.23573,,,,,,,,,,,,,,CLAS_EG1b
0.83884,0.0080220732947856,1.54,,,,0.0815,0.03124,0.03316,,,,,,,0.24795,0.09503,0.1012,,0.2645,0.14677,0.23688,,,,,,,,,,,,,,CLAS_EG1b
0.83927,0.0080220732947856,1.5801,,,,-0.00329,0.0321,0.02997,,,,,,,-0.0103,0.09943,0.09227,,-0.14978,0.1482,0.22825,,,,,,,,,,,,,,CLAS_EG1b
0.83932,0.0080220732947856,1.62,,,,0.04712,0.03328,0.03052,,,,,,,0.14323,0.10137,0.09035,,0.07935,0.14628,0.21394,,,,,,,,,,,,,,CLAS_EG1b
0.83977,0.0080220732947856,1.6601,,,,0.00717,0.03486,0.0391,,,,,,,0.02684,0.0947,0.10223,,-0.04141,0.13261,0.19904,,,,,,,,,,,,,,CLAS_EG1b
0.84004,0.0080220732947856,1.7,,,,0.03121,0.03602,0.04724,,,,,,,0.0693,0.08386,0.11418,,0.02423,0.11441,0.18787,,,,,,,,,,,,,,CLAS_EG1b
0.83954,0.0080220732947856,1.74,,,,-0.04462,0.03795,0.04405,,,,,,,-0.1109,0.09191,0.10545,,-0.19525,0.12243,0.16121,,,,,,,,,,,,,,CLAS_EG1b
0.84045,0.0080220732947856,1.7799,,,,-0.05819,0.04134,0.03083,,,,,,,-0.14534,0.10328,0.07502,,-0.21986,0.13456,0.11125,,,,,,,,,,,,,,CLAS_EG1b
0.84228,0.0080220732947856,1.82,,,,-0.01559,0.04545,0.02022,,,,,,,-0.03922,0.11135,0.04874,,-0.06851,0.14218,0.06949,,,,,,,,,,,,,,CLAS_EG1b
0.84033,0.0080220732947856,1.8596,,,,-0.10905,0.05183,0.01844,,,,,,,-0.25656,0.12209,0.04176,,-0.3407,0.15309,0.05682,,,,,,,,,,,,,,CLAS_EG1b
0.84153,0.0080220732947856,1.9,,,,-0.09554,0.07019,0.01984,,,,,,,-0.21199,0.1568,0.04177,,-0.27656,0.19325,0.05453,,,,,,,,,,,,,,CLAS_EG1b
0.8407,0.0080220732947856,1.94,,,,-0.19092,0.07174,0.02295,,,,,,,-0.4006,0.15111,0.04544,,-0.48913,0.18336,0.05554,,,,,,,,,,,,,,CLAS_EG1b
0.83923,0.0080220732947856,1.9799,,,,-0.08437,0.07289,0.02732,,,,,,,-0.16464,0.14443,0.05226,,-0.19363,0.17279,0.06147,,,,,,,,,,,,,,CLAS_EG1b
0.83807,0.0080220732947856,2.0199,,,,0.0302,0.07411,0.02912,,,,,,,0.05094,0.13825,0.05378,,0.0626,0.16327,0.0624,,,,,,,,,,,,,,CLAS_EG1b
0.83824,0.0080220732947856,2.0599,,,,-0.13141,0.07569,0.02617,,,,,,,-0.22936,0.13329,0.04511,,-0.26317,0.15557,0.05123,,,,,,,,,,,,,,CLAS_EG1b
0.83937,0.0080220732947856,2.1,,,,-0.20176,0.07708,0.02415,,,,,,,-0.33364,0.12858,0.03777,,-0.38033,0.14849,0.04154,,,,,,,,,,,,,,CLAS_EG1b
0.84023,0.0080220732947856,2.14,,,,-0.19055,0.07822,0.02906,,,,,,,-0.30209,0.12406,0.04424,,-0.34095,0.14187,0.04864,,,,,,,,,,,,,,CLAS_EG1b
0.8406,0.0080220732947856,2.18,,,,0.12733,0.07867,0.03288,,,,,,,0.19117,0.11902,0.04967,,0.22094,0.13488,0.05468,,,,,,,,,,,,,,CLAS_EG1b
0.84127,0.0080220732947856,2.22,,,,-0.02281,0.07906,0.03119,,,,,,,-0.03381,0.11445,0.04511,,-0.03345,0.12863,0.04911,,,,,,,,,,,,,,CLAS_EG1b
0.84178,0.0080220732947856,2.26,,,,-0.14704,0.07915,0.03132,,,,,,,-0.20589,0.10992,0.04262,,-0.22521,0.1226,0.04589,,,,,,,,,,,,,,CLAS_EG1b
0.84092,0.0080220732947856,2.3,,,,0.07644,0.07891,0.03123,,,,,,,0.10303,0.1054,0.04161,,0.11907,0.11672,0.04461,,,,,,,,,,,,,,CLAS_EG1b
0.84018,0.0080220732947856,2.34,,,,-0.13333,0.07931,0.02525,,,,,,,-0.17185,0.10212,0.03193,,-0.18429,0.11235,0.03341,,,,,,,,,,,,,,CLAS_EG1b
0.84115,0.0080220732947856,2.38,,,,-0.21289,0.07969,0.02328,,,,,,,-0.26532,0.09912,0.02703,,-0.28546,0.1084,0.02753,,,,,,,,,,,,,,CLAS_EG1b
0.84176,0.0080220732947856,2.4201,,,,-0.02541,0.07996,0.02493,,,,,,,-0.03161,0.09627,0.02882,,-0.02982,0.10469,0.02967,,,,,,,,,,,,,,CLAS_EG1b
0.84139,0.0080220732947856,2.4601,,,,-0.20945,0.08046,0.02498,,,,,,,-0.24582,0.09396,0.02802,,-0.2615,0.10166,0.02875,,,,,,,,,,,,,,CLAS_EG1b
0.84056,0.0080220732947856,2.5,,,,-0.03157,0.0816,0.02852,,,,,,,-0.03629,0.09274,0.03131,,-0.03452,0.09986,0.0324,,,,,,,,,,,,,,CLAS_EG1b
0.83084,0.0080220732947856,2.5363,,,,-0.29487,0.1216,0.02872,,,,,,,-0.32856,0.13537,0.03071,,-0.34766,0.1451,0.03165,,,,,,,,,,,,,,CLAS_EG1b
0.84244,0.0080220732947856,2.58,,,,-0.20709,0.16389,0.03079,,,,,,,-0.22598,0.17858,0.03212,,-0.23685,0.19069,0.03298,,,,,,,,,,,,,,CLAS_EG1b
0.84424,0.0080220732947856,2.6201,,,,0.0025,0.14808,0.0443,,,,,,,0.00177,0.15863,0.04673,,0.00612,0.16873,0.0488,,,,,,,,,,,,,,CLAS_EG1b
0.84612,0.0080220732947856,2.6602,,,,-0.08494,0.14046,0.05387,,,,,,,-0.09031,0.14839,0.05662,,-0.09147,0.15731,0.05936,,,,,,,,,,,,,,CLAS_EG1b
0.84618,0.0080220732947856,2.7002,,,,-0.01214,0.13519,0.04962,,,,,,,-0.01342,0.14102,0.05157,,-0.01004,0.149,0.05387,,,,,,,,,,,,,,CLAS_EG1b
0.84435,0.0080220732947856,2.7401,,,,-0.18424,0.13192,0.04361,,,,,,,-0.19026,0.1359,0.04416,,-0.19623,0.14314,0.04583,,,,,,,,,,,,,,CLAS_EG1b
0.8429,0.0080220732947856,2.78,,,,-0.31638,0.13046,0.04773,,,,,,,-0.32152,0.13265,0.04766,,-0.33344,0.13931,0.04948,,,,,,,,,,,,,,CLAS_EG1b
0.84178,0.0080220732947856,2.82,,,,-0.06759,0.13144,0.04376,,,,,,,-0.0677,0.13168,0.04353,,-0.06683,0.13792,0.0451,,,,,,,,,,,,,,CLAS_EG1b
0.84303,0.0080220732947856,2.8601,,,,-0.20933,0.13158,0.0453,,,,,,,-0.20545,0.12958,0.04405,,-0.21059,0.13538,0.04551,,,,,,,,,,,,,,CLAS_EG1b
0.83497,0.0080220732947856,2.8967,,,,0.08559,0.1482,0.09835,,,,,,,0.0839,0.14336,0.09392,,0.09156,0.14942,0.09745,,,,,,,,,,,,,,CLAS_EG1b
0.99953,0.0080220732947856,1.1403,,,,-0.01457,0.01824,0.00767,,,,,,,-0.11486,0.22189,0.11191,,-0.27181,0.60061,0.32822,,,,,,,,,,,,,,CLAS_EG1b
0.99961,0.0080220732947856,1.1803,,,,-0.06254,0.02019,0.0173,,,,,,,-0.26736,0.08404,0.06577,,-0.59848,0.21165,0.132,,,,,,,,,,,,,,CLAS_EG1b
1.0001,0.0080220732947856,1.2202,,,,0.0114,0.02161,0.02312,,,,,,,0.03377,0.06154,0.07277,,0.14126,0.14541,0.14105,,,,,,,,,,,,,,CLAS_EG1b
1.0006,0.0080220732947856,1.2601,,,,-0.02561,0.02169,0.01983,,,,,,,-0.09572,0.07686,0.06562,,-0.19065,0.17023,0.1227,,,,,,,,,,,,,,CLAS_EG1b
1.0013,0.0080220732947856,1.3,,,,0.00401,0.02169,0.01177,,,,,,,0.03016,0.1009,0.04827,,0.01124,0.20973,0.07878,,,,,,,,,,,,,,CLAS_EG1b
1.0019,0.0080220732947856,1.3401,,,,0.00633,0.02211,0.00824,,,,,,,0.03292,0.11455,0.04162,,-0.06512,0.22464,0.08844,,,,,,,,,,,,,,CLAS_EG1b
1.0022,0.0080220732947856,1.3801,,,,0.04748,0.02318,0.00872,,,,,,,0.24854,0.12074,0.04477,,0.27921,0.22455,0.13553,,,,,,,,,,,,,,CLAS_EG1b
1.0025,0.0080220732947856,1.4202,,,,0.01543,0.02425,0.00978,,,,,,,0.0716,0.11926,0.04669,,-0.08454,0.21125,0.17063,,,,,,,,,,,,,,CLAS_EG1b
1.0023,0.0080220732947856,1.4601,,,,0.02526,0.02586,0.0149,,,,,,,0.10507,0.10957,0.05941,,-0.00986,0.18554,0.19058,,,,,,,,,,,,,,CLAS_EG1b
1.0022,0.0080220732947856,1.5001,,,,0.03444,0.02698,0.02084,,,,,,,0.12497,0.09791,0.07771,,0.07421,0.15934,0.20042,,,,,,,,,,,,,,CLAS_EG1b
1.0023,0.0080220732947856,1.5401,,,,0.03884,0.02731,0.02237,,,,,,,0.14389,0.1009,0.08291,,0.10622,0.15822,0.20248,,,,,,,,,,,,,,CLAS_EG1b
1.0015,0.0080220732947856,1.5801,,,,-0.0039,0.02833,0.02105,,,,,,,-0.01444,0.10624,0.07793,,-0.15315,0.16097,0.19809,,,,,,,,,,,,,,CLAS_EG1b
1.0006,0.0080220732947856,1.6201,,,,-0.03686,0.03065,0.0238,,,,,,,-0.13053,0.11167,0.08235,,-0.3118,0.16393,0.19049,,,,,,,,,,,,,,CLAS_EG1b
1.0006,0.0080220732947856,1.66,,,,-0.05357,0.03387,0.03618,,,,,,,-0.17565,0.10818,0.10797,,-0.32763,0.1542,0.1941,,,,,,,,,,,,,,CLAS_EG1b
1.0014,0.0080220732947856,1.7,,,,0.00346,0.03679,0.04792,,,,,,,0.00598,0.09976,0.13452,,-0.06047,0.13858,0.20748,,,,,,,,,,,,,,CLAS_EG1b
1.001,0.0080220732947856,1.74,,,,-0.00838,0.03834,0.04755,,,,,,,-0.02456,0.10918,0.1344,,-0.08236,0.14807,0.19523,,,,,,,,,,,,,,CLAS_EG1b
1.0007,0.0080220732947856,1.78,,,,0.03178,0.05023,0.03728,,,,,,,0.09417,0.14847,0.10858,,0.09716,0.19692,0.15137,,,,,,,,,,,,,,CLAS_EG1b
0.99784,0.0080220732947856,1.8195,,,,0.03738,0.05434,0.02953,,,,,,,0.10758,0.15777,0.08604,,0.12222,0.20492,0.11443,,,,,,,,,,,,,,CLAS_EG1b
1.0006,0.0080220732947856,1.8599,,,,0.02212,0.06063,0.02802,,,,,,,0.06489,0.16886,0.07828,,0.06403,0.21531,0.1016,,,,,,,,,,,,,,CLAS_EG1b
1.0018,0.0080220732947856,1.8999,,,,-0.0459,0.06282,0.02711,,,,,,,-0.12488,0.16573,0.07118,,-0.17627,0.20772,0.09081,,,,,,,,,,,,,,CLAS_EG1b
1.0037,0.0080220732947856,1.94,,,,-0.02798,0.06421,0.02637,,,,,,,-0.07086,0.15927,0.06463,,-0.0936,0.19652,0.07979,,,,,,,,,,,,,,CLAS_EG1b
1.0045,0.0080220732947856,1.98,,,,-0.05039,0.06458,0.02763,,,,,,,-0.11661,0.15011,0.06311,,-0.1412,0.18255,0.07584,,,,,,,,,,,,,,CLAS_EG1b
1.0046,0.0080220732947856,2.0201,,,,-0.06325,0.06434,0.02914,,,,,,,-0.13534,0.14024,0.06273,,-0.16027,0.16828,0.07436,,,,,,,,,,,,,,CLAS_EG1b
1.0053,0.0080220732947856,2.0601,,,,-0.03066,0.06366,0.02752,,,,,,,-0.06397,0.13053,0.05615,,-0.07402,0.15473,0.06569,,,,,,,,,,,,,,CLAS_EG1b
1.0058,0.0080220732947856,2.1001,,,,-0.08956,0.06351,0.02392,,,,,,,-0.17527,0.12301,0.04541,,-0.20333,0.14418,0.05202,,,,,,,,,,,,,,CLAS_EG1b
1.0056,0.0080220732947856,2.1401,,,,-0.1131,0.06312,0.02312,,,,,,,-0.21053,0.11592,0.04069,,-0.24192,0.13445,0.04563,,,,,,,,,,,,,,CLAS_EG1b
1.0044,0.0080220732947856,2.18,,,,-0.06822,0.06316,0.02382,,,,,,,-0.12081,0.1104,0.04036,,-0.1359,0.12681,0.04476,,,,,,,,,,,,,,CLAS_EG1b
1.0036,0.0080220732947856,2.2199,,,,-0.07714,0.06416,0.02207,,,,,,,-0.1271,0.10708,0.03614,,-0.14087,0.1219,0.03945,,,,,,,,,,,,,,CLAS_EG1b
1.0045,0.0080220732947856,2.2599,,,,-0.04109,0.06547,0.02099,,,,,,,-0.0654,0.1046,0.03265,,-0.07013,0.11812,0.03501,,,,,,,,,,,,,,CLAS_EG1b
1.0052,0.0080220732947856,2.3001,,,,-0.08038,0.06596,0.02074,,,,,,,-0.12322,0.10117,0.03079,,-0.13424,0.11338,0.03267,,,,,,,,,,,,,,CLAS_EG1b
1.0049,0.0080220732947856,2.3401,,,,-0.13578,0.06602,0.02087,,,,,,,-0.19977,0.09744,0.0294,,-0.21822,0.10843,0.03085,,,,,,,,,,,,,,CLAS_EG1b
1.0048,0.0080220732947856,2.3801,,,,-0.05357,0.06636,0.02396,,,,,,,-0.07564,0.09444,0.033,,-0.07945,0.10441,0.03492,,,,,,,,,,,,,,CLAS_EG1b
1.0053,0.0080220732947856,2.4201,,,,-0.10635,0.06681,0.02634,,,,,,,-0.14634,0.09188,0.03557,,-0.15672,0.10097,0.03776,,,,,,,,,,,,,,CLAS_EG1b
1.0055,0.0080220732947856,2.4601,,,,-0.01132,0.06755,0.02718,,,,,,,-0.01518,0.08997,0.03596,,-0.01246,0.09832,0.038,,,,,,,,,,,,,,CLAS_EG1b
0.995,0.0080220732947856,2.497,,,,0.01833,0.08444,0.03472,,,,,,,0.0244,0.10953,0.04472,,0.03077,0.11905,0.0475,,,,,,,,,,,,,,CLAS_EG1b
1.0072,0.0080220732947856,2.5401,,,,0.04326,0.10832,0.04139,,,,,,,0.05486,0.13683,0.05231,,0.06359,0.14805,0.05569,,,,,,,,,,,,,,CLAS_EG1b
1.0057,0.0080220732947856,2.5801,,,,-0.09369,0.10656,0.04559,,,,,,,-0.11629,0.1319,0.05632,,-0.12112,0.14205,0.05984,,,,,,,,,,,,,,CLAS_EG1b
1.004,0.0080220732947856,2.62,,,,0.12079,0.10561,0.05269,,,,,,,0.14759,0.12852,0.0642,,0.16264,0.13783,0.06818,,,,,,,,,,,,,,CLAS_EG1b
1.0022,0.0080220732947856,2.6599,,,,0.05818,0.10683,0.0508,,,,,,,0.06985,0.12813,0.06136,,0.07882,0.13686,0.06498,,,,,,,,,,,,,,CLAS_EG1b
1.0023,0.0080220732947856,2.6999,,,,-0.03075,0.10798,0.04035,,,,,,,-0.03634,0.12786,0.04787,,-0.03448,0.13608,0.05025,,,,,,,,,,,,,,CLAS_EG1b
1.0024,0.0080220732947856,2.7399,,,,-0.0449,0.1087,0.03843,,,,,,,-0.05242,0.12714,0.04434,,-0.05143,0.13485,0.04627,,,,,,,,,,,,,,CLAS_EG1b
1.0049,0.0080220732947856,2.7801,,,,-0.40815,0.10853,0.04517,,,,,,,-0.47118,0.12533,0.0513,,-0.49408,0.13252,0.05362,,,,,,,,,,,,,,CLAS_EG1b
1.0075,0.0080220732947856,2.8204,,,,0.0398,0.10567,0.04879,,,,,,,0.04508,0.12029,0.05521,,0.05153,0.12682,0.05771,,,,,,,,,,,,,,CLAS_EG1b
1.0041,0.0080220732947856,2.8594,,,,0.03184,0.10572,0.05344,,,,,,,0.03533,0.11844,0.05954,,0.04105,0.12452,0.06213,,,,,,,,,,,,,,CLAS_EG1b
0.95531,0.0080220732947856,2.8863,,,,-0.44762,0.27317,0.05312,,,,,,,-0.49537,0.30211,0.05839,,-0.51524,0.3165,0.06092,,,,,,,,,,,,,,CLAS_EG1b
1.193,0.0080220732947856,1.1403,,,,-0.00827,0.01519,0.0066,,,,,,,-0.19727,0.25202,0.13104,,-0.46391,0.65103,0.36113,,,,,,,,,,,,,,CLAS_EG1b
1.1931,0.0080220732947856,1.1804,,,,-0.0514,0.01678,0.01556,,,,,,,-0.30858,0.09549,0.0777,,-0.67157,0.23177,0.15209,,,,,,,,,,,,,,CLAS_EG1b
1.1932,0.0080220732947856,1.2203,,,,-0.06743,0.01786,0.02147,,,,,,,-0.25902,0.0694,0.0919,,-0.53641,0.1593,0.18248,,,,,,,,,,,,,,CLAS_EG1b
1.1936,0.0080220732947856,1.2601,,,,-0.02324,0.01813,0.0189,,,,,,,-0.12036,0.08684,0.08499,,-0.23366,0.18838,0.16576,,,,,,,,,,,,,,CLAS_EG1b
1.194,0.0080220732947856,1.3001,,,,0.0065,0.01841,0.01107,,,,,,,0.04349,0.11363,0.05921,,0.04946,0.23294,0.10518,,,,,,,,,,,,,,CLAS_EG1b
1.1942,0.0080220732947856,1.3401,,,,-0.00932,0.01894,0.00593,,,,,,,-0.06333,0.12743,0.03855,,-0.24185,0.24798,0.07833,,,,,,,,,,,,,,CLAS_EG1b
1.1943,0.0080220732947856,1.3801,,,,-0.0225,0.02017,0.0056,,,,,,,-0.15119,0.13422,0.03654,,-0.46031,0.24897,0.11055,,,,,,,,,,,,,,CLAS_EG1b
1.1934,0.0080220732947856,1.4201,,,,0.03399,0.0217,0.00647,,,,,,,0.21328,0.13476,0.03914,,0.17913,0.23911,0.13893,,,,,,,,,,,,,,CLAS_EG1b
1.1931,0.0080220732947856,1.4602,,,,-0.01919,0.02384,0.00916,,,,,,,-0.10368,0.1262,0.04585,,-0.36729,0.21476,0.15204,,,,,,,,,,,,,,CLAS_EG1b
1.193,0.0080220732947856,1.5001,,,,0.04532,0.02573,0.01273,,,,,,,0.20224,0.11526,0.05881,,0.19826,0.18905,0.15893,,,,,,,,,,,,,,CLAS_EG1b
1.1937,0.0080220732947856,1.5401,,,,0.03954,0.02744,0.01399,,,,,,,0.18038,0.12482,0.0641,,0.16683,0.1977,0.1618,,,,,,,,,,,,,,CLAS_EG1b
1.1944,0.0080220732947856,1.5801,,,,-0.02471,0.02867,0.01383,,,,,,,-0.11362,0.13177,0.06228,,-0.30414,0.20197,0.15939,,,,,,,,,,,,,,CLAS_EG1b
1.195,0.0080220732947856,1.6201,,,,-0.01935,0.03006,0.01856,,,,,,,-0.07871,0.13227,0.07644,,-0.22953,0.19668,0.16236,,,,,,,,,,,,,,CLAS_EG1b
1.1955,0.0080220732947856,1.6601,,,,0.08048,0.03213,0.03199,,,,,,,0.30302,0.12151,0.11296,,0.36862,0.17565,0.18719,,,,,,,,,,,,,,CLAS_EG1b
1.1948,0.0080220732947856,1.7,,,,0.0308,0.04096,0.04464,,,,,,,0.10113,0.13055,0.14865,,0.07773,0.18409,0.22142,,,,,,,,,,,,,,CLAS_EG1b
1.1942,0.0080220732947856,1.74,,,,0.04076,0.04432,0.04508,,,,,,,0.1337,0.14961,0.15086,,0.13868,0.20608,0.21597,,,,,,,,,,,,,,CLAS_EG1b
1.1959,0.0080220732947856,1.7798,,,,-0.06612,0.04493,0.03422,,,,,,,-0.23371,0.1586,0.1173,,-0.34069,0.21368,0.16225,,,,,,,,,,,,,,CLAS_EG1b
1.2,0.0080220732947856,1.8201,,,,-0.00496,0.04972,0.02659,,,,,,,-0.01655,0.17249,0.09081,,-0.03599,0.22771,0.11987,,,,,,,,,,,,,,CLAS_EG1b
1.2007,0.0080220732947856,1.8601,,,,-0.04353,0.04937,0.02642,,,,,,,-0.14753,0.16405,0.0865,,-0.21239,0.21256,0.11239,,,,,,,,,,,,,,CLAS_EG1b
1.2005,0.0080220732947856,1.9001,,,,-0.06742,0.0493,0.02586,,,,,,,-0.21367,0.15483,0.07973,,-0.29292,0.19718,0.10227,,,,,,,,,,,,,,CLAS_EG1b
1.1997,0.0080220732947856,1.9401,,,,-0.08731,0.04951,0.02697,,,,,,,-0.25606,0.14572,0.07768,,-0.32797,0.18263,0.09716,,,,,,,,,,,,,,CLAS_EG1b
1.1984,0.0080220732947856,1.9801,,,,0.02732,0.04997,0.029,,,,,,,0.07447,0.13731,0.07927,,0.09039,0.16954,0.09738,,,,,,,,,,,,,,CLAS_EG1b
1.1967,0.0080220732947856,2.02,,,,-0.06041,0.05026,0.02864,,,,,,,-0.15344,0.12903,0.07347,,-0.18706,0.15714,0.08919,,,,,,,,,,,,,,CLAS_EG1b
1.1956,0.0080220732947856,2.06,,,,-0.06302,0.05046,0.02613,,,,,,,-0.15481,0.12145,0.06221,,-0.1867,0.14605,0.0745,,,,,,,,,,,,,,CLAS_EG1b
1.1952,0.0080220732947856,2.1,,,,-0.07199,0.05121,0.02189,,,,,,,-0.16481,0.11607,0.04854,,-0.19544,0.13795,0.05732,,,,,,,,,,,,,,CLAS_EG1b
1.1956,0.0080220732947856,2.14,,,,-0.12385,0.05239,0.01884,,,,,,,-0.26446,0.11229,0.03807,,-0.30933,0.13202,0.04397,,,,,,,,,,,,,,CLAS_EG1b
1.1963,0.0080220732947856,2.18,,,,-0.08432,0.05356,0.02055,,,,,,,-0.17114,0.10895,0.04006,,-0.1973,0.12682,0.04563,,,,,,,,,,,,,,CLAS_EG1b
1.1984,0.0080220732947856,2.2201,,,,0.01254,0.05433,0.02199,,,,,,,0.02609,0.10526,0.04201,,0.03268,0.12139,0.04749,,,,,,,,,,,,,,CLAS_EG1b
1.1994,0.0080220732947856,2.2601,,,,-0.1076,0.05471,0.02002,,,,,,,-0.20026,0.10128,0.03617,,-0.22666,0.1158,0.04024,,,,,,,,,,,,,,CLAS_EG1b
1.1996,0.0080220732947856,2.3001,,,,-0.08345,0.05511,0.02009,,,,,,,-0.14771,0.09774,0.03414,,-0.16466,0.11086,0.03735,,,,,,,,,,,,,,CLAS_EG1b
1.199,0.0080220732947856,2.3401,,,,-0.02658,0.05578,0.02226,,,,,,,-0.04562,0.09499,0.03709,,-0.04839,0.10694,0.04053,,,,,,,,,,,,,,CLAS_EG1b
1.1974,0.0080220732947856,2.38,,,,-0.09061,0.05672,0.0237,,,,,,,-0.14996,0.09299,0.03809,,-0.1647,0.10395,0.04139,,,,,,,,,,,,,,CLAS_EG1b
1.1911,0.0080220732947856,2.4196,,,,-0.00765,0.06026,0.03018,,,,,,,-0.01212,0.09533,0.04706,,-0.01008,0.10585,0.05121,,,,,,,,,,,,,,CLAS_EG1b
1.1819,0.0080220732947856,2.4581,,,,0.0171,0.07355,0.03357,,,,,,,0.02598,0.11262,0.05129,,0.03211,0.12427,0.05575,,,,,,,,,,,,,,CLAS_EG1b
1.1942,0.0080220732947856,2.4999,,,,-0.15018,0.09148,0.03179,,,,,,,-0.22184,0.13568,0.0466,,-0.2397,0.14893,0.05015,,,,,,,,,,,,,,CLAS_EG1b
1.1939,0.0080220732947856,2.5399,,,,-0.01703,0.09303,0.03666,,,,,,,-0.02459,0.13447,0.05236,,-0.02317,0.14683,0.05619,,,,,,,,,,,,,,CLAS_EG1b
1.1952,0.0080220732947856,2.5799,,,,-0.00121,0.0944,0.03907,,,,,,,-0.00041,0.13353,0.05525,,0.00364,0.14509,0.05929,,,,,,,,,,,,,,CLAS_EG1b
1.1975,0.0080220732947856,2.62,,,,-0.16464,0.09559,0.03585,,,,,,,-0.22785,0.13278,0.04919,,-0.24242,0.14363,0.05242,,,,,,,,,,,,,,CLAS_EG1b
1.1989,0.0080220732947856,2.6601,,,,-0.15176,0.09454,0.045,,,,,,,-0.20679,0.12932,0.06079,,-0.21865,0.1393,0.06477,,,,,,,,,,,,,,CLAS_EG1b
1.2024,0.0080220732947856,2.7003,,,,0.07525,0.09264,0.0517,,,,,,,0.10244,0.12502,0.06977,,0.11411,0.13415,0.07437,,,,,,,,,,,,,,CLAS_EG1b
1.2034,0.0080220732947856,2.7403,,,,-0.10426,0.08929,0.04583,,,,,,,-0.13933,0.11899,0.06113,,-0.14516,0.12721,0.06482,,,,,,,,,,,,,,CLAS_EG1b
1.2005,0.0080220732947856,2.7803,,,,-0.00398,0.08732,0.03867,,,,,,,-0.00469,0.11488,0.05068,,-0.00092,0.12238,0.05336,,,,,,,,,,,,,,CLAS_EG1b
1.1956,0.0080220732947856,2.8197,,,,-0.22357,0.08846,0.03508,,,,,,,-0.2903,0.11477,0.04522,,-0.30435,0.12184,0.04735,,,,,,,,,,,,,,CLAS_EG1b
1.1476,0.0080220732947856,2.8495,,,,-0.04946,0.17018,0.03279,,,,,,,-0.06288,0.21816,0.04183,,-0.06249,0.2307,0.04374,,,,,,,,,,,,,,CLAS_EG1b
1.4228,0.0080220732947856,1.1403,,,,-0.01905,0.01286,0.00505,,,,,,,-0.31779,0.29821,0.16869,,-0.69235,0.73068,0.43402,,,,,,,,,,,,,,CLAS_EG1b
1.4223,0.0080220732947856,1.1803,,,,-0.03719,0.01407,0.01243,,,,,,,-0.27905,0.11421,0.08808,,-0.56216,0.26547,0.16982,,,,,,,,,,,,,,CLAS_EG1b
1.4215,0.0080220732947856,1.2202,,,,-0.04628,0.01509,0.01755,,,,,,,-0.25861,0.08368,0.10652,,-0.50497,0.18542,0.20994,,,,,,,,,,,,,,CLAS_EG1b
1.4215,0.0080220732947856,1.2602,,,,-0.04148,0.01582,0.01571,,,,,,,-0.2924,0.10693,0.10033,,-0.58351,0.22563,0.19614,,,,,,,,,,,,,,CLAS_EG1b
1.4212,0.0080220732947856,1.3001,,,,0.01417,0.01653,0.00934,,,,,,,0.12765,0.14139,0.06962,,0.22651,0.28395,0.12741,,,,,,,,,,,,,,CLAS_EG1b
1.4217,0.0080220732947856,1.3401,,,,0.01724,0.01782,0.00519,,,,,,,0.15813,0.16287,0.04589,,0.19505,0.31237,0.0866,,,,,,,,,,,,,,CLAS_EG1b
1.4233,0.0080220732947856,1.3802,,,,-0.0155,0.01952,0.00547,,,,,,,-0.13346,0.17357,0.04739,,-0.40328,0.31887,0.108,,,,,,,,,,,,,,CLAS_EG1b
1.4245,0.0080220732947856,1.4202,,,,0.01223,0.02109,0.00727,,,,,,,0.10575,0.17256,0.05698,,-0.00375,0.3045,0.13092,,,,,,,,,,,,,,CLAS_EG1b
1.4246,0.0080220732947856,1.4602,,,,0.02827,0.02268,0.0084,,,,,,,0.19329,0.156,0.05879,,0.12958,0.26504,0.13512,,,,,,,,,,,,,,CLAS_EG1b
1.4245,0.0080220732947856,1.5002,,,,-0.00459,0.02419,0.00961,,,,,,,-0.02507,0.13888,0.05906,,-0.17136,0.22814,0.13365,,,,,,,,,,,,,,CLAS_EG1b
1.4243,0.0080220732947856,1.5401,,,,0.05762,0.02614,0.01113,,,,,,,0.33344,0.15182,0.06533,,0.41691,0.24151,0.14032,,,,,,,,,,,,,,CLAS_EG1b
1.4244,0.0080220732947856,1.5801,,,,-0.01931,0.0283,0.01126,,,,,,,-0.11326,0.16503,0.06377,,-0.29676,0.25465,0.1383,,,,,,,,,,,,,,CLAS_EG1b
1.4253,0.0080220732947856,1.6201,,,,-0.06526,0.0316,0.01534,,,,,,,-0.35545,0.1736,0.07649,,-0.638,0.26037,0.14481,,,,,,,,,,,,,,CLAS_EG1b
1.4266,0.0080220732947856,1.6601,,,,0.06849,0.03606,0.02671,,,,,,,0.30845,0.16647,0.11483,,0.38936,0.24307,0.18104,,,,,,,,,,,,,,CLAS_EG1b
1.4268,0.0080220732947856,1.7002,,,,0.0365,0.0384,0.03604,,,,,,,0.14225,0.14776,0.14568,,0.14465,0.21062,0.21404,,,,,,,,,,,,,,CLAS_EG1b
1.4259,0.0080220732947856,1.7401,,,,-0.0138,0.03855,0.03652,,,,,,,-0.06245,0.15893,0.14935,,-0.12559,0.2215,0.21177,,,,,,,,,,,,,,CLAS_EG1b
1.4251,0.0080220732947856,1.7801,,,,0.04714,0.03844,0.02935,,,,,,,0.20414,0.16672,0.12465,,0.2595,0.22742,0.17092,,,,,,,,,,,,,,CLAS_EG1b
1.4253,0.0080220732947856,1.82,,,,-0.05345,0.03894,0.02212,,,,,,,-0.22813,0.16622,0.09319,,-0.31564,0.22228,0.12337,,,,,,,,,,,,,,CLAS_EG1b
1.4259,0.0080220732947856,1.86,,,,-0.03477,0.03978,0.02226,,,,,,,-0.14412,0.16235,0.08841,,-0.20806,0.21315,0.11507,,,,,,,,,,,,,,CLAS_EG1b
1.4271,0.0080220732947856,1.9,,,,-0.00791,0.04047,0.02451,,,,,,,-0.03649,0.15563,0.09308,,-0.06997,0.20088,0.12019,,,,,,,,,,,,,,CLAS_EG1b
1.4282,0.0080220732947856,1.9401,,,,-0.06725,0.0413,0.02434,,,,,,,-0.24137,0.14825,0.08673,,-0.31531,0.18834,0.11016,,,,,,,,,,,,,,CLAS_EG1b
1.4289,0.0080220732947856,1.9801,,,,0.03033,0.04201,0.02519,,,,,,,0.10307,0.14018,0.08332,,0.12605,0.17547,0.10398,,,,,,,,,,,,,,CLAS_EG1b
1.4291,0.0080220732947856,2.02,,,,-0.04654,0.04267,0.02601,,,,,,,-0.14408,0.13251,0.08055,,-0.18083,0.16361,0.09954,,,,,,,,,,,,,,CLAS_EG1b
1.429,0.0080220732947856,2.06,,,,-0.08058,0.04307,0.02519,,,,,,,-0.23457,0.1249,0.07252,,-0.28818,0.15226,0.0887,,,,,,,,,,,,,,CLAS_EG1b
1.4282,0.0080220732947856,2.1,,,,0.02988,0.04358,0.02365,,,,,,,0.08431,0.11858,0.06433,,0.10099,0.14283,0.07787,,,,,,,,,,,,,,CLAS_EG1b
1.4276,0.0080220732947856,2.14,,,,-0.07516,0.04433,0.02035,,,,,,,-0.19177,0.11371,0.05207,,-0.22875,0.13545,0.06244,,,,,,,,,,,,,,CLAS_EG1b
1.428,0.0080220732947856,2.18,,,,-0.07722,0.0451,0.01854,,,,,,,-0.18501,0.10948,0.04331,,-0.2175,0.12907,0.05105,,,,,,,,,,,,,,CLAS_EG1b
1.4273,0.0080220732947856,2.22,,,,-0.06224,0.04608,0.01974,,,,,,,-0.14619,0.10625,0.04414,,-0.17068,0.12406,0.05129,,,,,,,,,,,,,,CLAS_EG1b
1.4263,0.0080220732947856,2.2599,,,,-0.04951,0.0474,0.0202,,,,,,,-0.10893,0.10415,0.04356,,-0.12501,0.12052,0.05001,,,,,,,,,,,,,,CLAS_EG1b
1.4204,0.0080220732947856,2.2997,,,,-0.02564,0.04995,0.02475,,,,,,,-0.05547,0.10492,0.05106,,-0.06254,0.12037,0.05794,,,,,,,,,,,,,,CLAS_EG1b
1.4156,0.0080220732947856,2.3396,,,,0.09485,0.05373,0.03168,,,,,,,0.19056,0.10814,0.06374,,0.21859,0.12307,0.07202,,,,,,,,,,,,,,CLAS_EG1b
1.419,0.0080220732947856,2.3794,,,,0.0495,0.06479,0.03123,,,,,,,0.09743,0.1255,0.06106,,0.1125,0.14186,0.06864,,,,,,,,,,,,,,CLAS_EG1b
1.4169,0.0080220732947856,2.4188,,,,-0.15797,0.07695,0.02334,,,,,,,-0.29202,0.14316,0.04244,,-0.32503,0.16065,0.04702,,,,,,,,,,,,,,CLAS_EG1b
1.4291,0.0080220732947856,2.46,,,,-0.18571,0.08123,0.02107,,,,,,,-0.3343,0.1457,0.03466,,-0.37059,0.16253,0.03755,,,,,,,,,,,,,,CLAS_EG1b
1.4304,0.0080220732947856,2.5001,,,,-0.08505,0.08115,0.02997,,,,,,,-0.14903,0.14093,0.05029,,-0.16278,0.15628,0.05488,,,,,,,,,,,,,,CLAS_EG1b
1.4332,0.0080220732947856,2.5402,,,,-0.02356,0.08008,0.03346,,,,,,,-0.04141,0.13527,0.05579,,-0.04312,0.14918,0.06088,,,,,,,,,,,,,,CLAS_EG1b
1.4354,0.0080220732947856,2.5802,,,,-0.18717,0.0785,0.0288,,,,,,,-0.30793,0.12952,0.04645,,-0.33456,0.1421,0.05021,,,,,,,,,,,,,,CLAS_EG1b
1.4348,0.0080220732947856,2.6202,,,,-0.07959,0.07679,0.02922,,,,,,,-0.12987,0.12422,0.04606,,-0.13893,0.13562,0.04939,,,,,,,,,,,,,,CLAS_EG1b
1.431,0.0080220732947856,2.6602,,,,-0.05383,0.07565,0.0364,,,,,,,-0.08558,0.12036,0.05744,,-0.08969,0.13079,0.06172,,,,,,,,,,,,,,CLAS_EG1b
1.4293,0.0080220732947856,2.7001,,,,0.03468,0.07539,0.04356,,,,,,,0.05422,0.1182,0.06809,,0.06199,0.12788,0.07312,,,,,,,,,,,,,,CLAS_EG1b
1.4301,0.0080220732947856,2.7401,,,,-0.03978,0.07561,0.04766,,,,,,,-0.06174,0.11695,0.07362,,-0.06314,0.12603,0.07886,,,,,,,,,,,,,,CLAS_EG1b
1.4254,0.0080220732947856,2.7794,,,,-0.03415,0.07826,0.04668,,,,,,,-0.05207,0.11946,0.07107,,-0.05238,0.12823,0.07584,,,,,,,,,,,,,,CLAS_EG1b
1.3649,0.0080220732947856,2.8104,,,,-0.28013,0.14695,0.03776,,,,,,,-0.42293,0.22181,0.05672,,-0.44843,0.23699,0.06033,,,,,,,,,,,,,,CLAS_EG1b
1.6998,0.0080220732947856,1.1803,,,,0.00216,0.01376,0.01004,,,,,,,-0.00143,0.15936,0.10246,,0.07914,0.35251,0.19928,,,,,,,,,,,,,,CLAS_EG1b
1.698,0.0080220732947856,1.2202,,,,-0.00318,0.01479,0.0143,,,,,,,-0.02543,0.11742,0.12353,,0.00678,0.24959,0.24187,,,,,,,,,,,,,,CLAS_EG1b
1.696,0.0080220732947856,1.2602,,,,0.00962,0.01564,0.01283,,,,,,,0.09678,0.15035,0.11633,,0.23159,0.30647,0.22642,,,,,,,,,,,,,,CLAS_EG1b
1.6951,0.0080220732947856,1.3002,,,,0.01444,0.01642,0.00768,,,,,,,0.17905,0.19646,0.08096,,0.32992,0.38382,0.15013,,,,,,,,,,,,,,CLAS_EG1b
1.6938,0.0080220732947856,1.3402,,,,0.00159,0.01786,0.00464,,,,,,,0.01964,0.22457,0.0565,,-0.05385,0.42149,0.1034,,,,,,,,,,,,,,CLAS_EG1b
1.6933,0.0080220732947856,1.4202,,,,-0.01157,0.02295,0.00772,,,,,,,-0.13461,0.25104,0.07616,,-0.42037,0.43803,0.14226,,,,,,,,,,,,,,CLAS_EG1b
1.6951,0.0080220732947856,1.4603,,,,0.00937,0.02575,0.01061,,,,,,,0.08752,0.23335,0.09421,,-0.05805,0.39349,0.16889,,,,,,,,,,,,,,CLAS_EG1b
1.6959,0.0080220732947856,1.5002,,,,0.02908,0.02738,0.01157,,,,,,,0.21899,0.2039,0.09307,,0.23045,0.33346,0.16808,,,,,,,,,,,,,,CLAS_EG1b
1.6969,0.0080220732947856,1.5402,,,,0.03315,0.02837,0.01207,,,,,,,0.24728,0.2127,0.09167,,0.28584,0.33782,0.16359,,,,,,,,,,,,,,CLAS_EG1b
1.6984,0.0080220732947856,1.5802,,,,0.03013,0.02942,0.01276,,,,,,,0.22462,0.21962,0.09478,,0.23596,0.33918,0.16331,,,,,,,,,,,,,,CLAS_EG1b
1.6999,0.0080220732947856,1.6202,,,,0.01206,0.03042,0.0143,,,,,,,0.08704,0.20984,0.09497,,0.03857,0.31563,0.15619,,,,,,,,,,,,,,CLAS_EG1b
1.7009,0.0080220732947856,1.6602,,,,0.03505,0.03163,0.0188,,,,,,,0.18758,0.17887,0.10236,,0.22457,0.26243,0.15662,,,,,,,,,,,,,,CLAS_EG1b
1.7019,0.0080220732947856,1.7002,,,,-0.00327,0.03276,0.02466,,,,,,,-0.01639,0.15365,0.12269,,-0.07432,0.2205,0.1779,,,,,,,,,,,,,,CLAS_EG1b
1.7022,0.0080220732947856,1.7401,,,,0.01429,0.03312,0.02674,,,,,,,0.08092,0.16794,0.13546,,0.07972,0.23596,0.19072,,,,,,,,,,,,,,CLAS_EG1b
1.7031,0.0080220732947856,1.7801,,,,0.01048,0.03326,0.02276,,,,,,,0.05749,0.17869,0.11937,,0.06682,0.24598,0.16376,,,,,,,,,,,,,,CLAS_EG1b
1.7036,0.0080220732947856,1.8201,,,,-0.03218,0.03359,0.01818,,,,,,,-0.1712,0.17775,0.09492,,-0.23732,0.24009,0.12655,,,,,,,,,,,,,,CLAS_EG1b
1.7031,0.0080220732947856,1.8601,,,,0.01307,0.03408,0.01961,,,,,,,0.065,0.17215,0.09746,,0.07148,0.22843,0.12834,,,,,,,,,,,,,,CLAS_EG1b
1.7025,0.0080220732947856,1.9001,,,,0.00616,0.03453,0.02166,,,,,,,0.02814,0.16374,0.10254,,0.01626,0.21369,0.13388,,,,,,,,,,,,,,CLAS_EG1b
1.7019,0.0080220732947856,1.9401,,,,-0.02346,0.03505,0.02036,,,,,,,-0.1029,0.15457,0.09028,,-0.14133,0.19861,0.11635,,,,,,,,,,,,,,CLAS_EG1b
1.7011,0.0080220732947856,1.9801,,,,-0.0189,0.03592,0.02045,,,,,,,-0.08008,0.14664,0.08209,,-0.10714,0.1857,0.10392,,,,,,,,,,,,,,CLAS_EG1b
1.7002,0.0080220732947856,2.02,,,,-0.02573,0.03674,0.02344,,,,,,,-0.09613,0.13903,0.08769,,-0.125,0.17368,0.10972,,,,,,,,,,,,,,CLAS_EG1b
1.6995,0.0080220732947856,2.06,,,,-0.00051,0.03777,0.02364,,,,,,,-0.00171,0.13294,0.08384,,-0.00613,0.16397,0.10414,,,,,,,,,,,,,,CLAS_EG1b
1.6991,0.0080220732947856,2.1,,,,-0.00487,0.03862,0.02052,,,,,,,-0.02113,0.12714,0.06811,,-0.02999,0.15495,0.084,,,,,,,,,,,,,,CLAS_EG1b
1.6969,0.0080220732947856,2.1398,,,,-0.03407,0.04002,0.01881,,,,,,,-0.10588,0.12383,0.05753,,-0.13002,0.14924,0.07021,,,,,,,,,,,,,,CLAS_EG1b
1.6918,0.0080220732947856,2.1797,,,,-0.0322,0.04273,0.01972,,,,,,,-0.092,0.12475,0.05672,,-0.11088,0.14876,0.06829,,,,,,,,,,,,,,CLAS_EG1b
1.6911,0.0080220732947856,2.2197,,,,-0.03137,0.04575,0.02245,,,,,,,-0.08937,0.1265,0.0612,,-0.10707,0.14938,0.07261,,,,,,,,,,,,,,CLAS_EG1b
1.6996,0.0080220732947856,2.2597,,,,0.01219,0.05544,0.02546,,,,,,,0.03258,0.14597,0.0665,,0.03779,0.1709,0.07806,,,,,,,,,,,,,,CLAS_EG1b
1.7075,0.0080220732947856,2.3001,,,,-0.04917,0.06309,0.03012,,,,,,,-0.12495,0.15797,0.07443,,-0.14533,0.18335,0.0864,,,,,,,,,,,,,,CLAS_EG1b
1.6995,0.0080220732947856,2.3395,,,,-0.01463,0.0635,0.03308,,,,,,,-0.03272,0.15186,0.07817,,-0.03666,0.17477,0.09003,,,,,,,,,,,,,,CLAS_EG1b
1.7055,0.0080220732947856,2.3795,,,,-0.22613,0.06489,0.03098,,,,,,,-0.51796,0.14876,0.06955,,-0.59088,0.16998,0.07946,,,,,,,,,,,,,,CLAS_EG1b
1.7108,0.0080220732947856,2.4201,,,,-0.01669,0.06553,0.02846,,,,,,,-0.03734,0.1442,0.06082,,-0.04126,0.16362,0.06879,,,,,,,,,,,,,,CLAS_EG1b
1.7096,0.0080220732947856,2.4601,,,,-0.20694,0.06513,0.02365,,,,,,,-0.43722,0.13794,0.0483,,-0.49105,0.15548,0.05423,,,,,,,,,,,,,,CLAS_EG1b
1.7061,0.0080220732947856,2.5001,,,,-0.1713,0.06507,0.01799,,,,,,,-0.34996,0.13314,0.03293,,-0.39005,0.14911,0.03624,,,,,,,,,,,,,,CLAS_EG1b
1.7043,0.0080220732947856,2.54,,,,-0.14929,0.06545,0.0208,,,,,,,-0.29685,0.12997,0.03834,,-0.32857,0.14471,0.04199,,,,,,,,,,,,,,CLAS_EG1b
1.7043,0.0080220732947856,2.58,,,,-0.13423,0.06607,0.02323,,,,,,,-0.25947,0.1279,0.0429,,-0.28499,0.14161,0.04694,,,,,,,,,,,,,,CLAS_EG1b
1.7056,0.0080220732947856,2.62,,,,-0.18738,0.06673,0.02291,,,,,,,-0.35577,0.1264,0.04152,,-0.38973,0.13924,0.04512,,,,,,,,,,,,,,CLAS_EG1b
1.7064,0.0080220732947856,2.6601,,,,-0.0705,0.06712,0.02768,,,,,,,-0.13027,0.12478,0.05037,,-0.13999,0.13679,0.05459,,,,,,,,,,,,,,CLAS_EG1b
1.7067,0.0080220732947856,2.7002,,,,-0.03659,0.06761,0.03619,,,,,,,-0.06689,0.12366,0.06581,,-0.07026,0.13494,0.07129,,,,,,,,,,,,,,CLAS_EG1b
1.6838,0.0080220732947856,2.7379,,,,0.00408,0.07531,0.04148,,,,,,,0.00684,0.13581,0.07463,,0.00997,0.14751,0.08061,,,,,,,,,,,,,,CLAS_EG1b
1.6085,0.0080220732947856,2.7686,,,,-0.03743,0.17111,0.03611,,,,,,,-0.06769,0.30506,0.06449,,-0.07073,0.3296,0.06945,,,,,,,,,,,,,,CLAS_EG1b
2.0273,0.0080220732947856,1.2204,,,,-0.02692,0.01696,0.01096,,,,,,,-0.31446,0.20145,0.14189,,-0.57236,0.40854,0.27764,,,,,,,,,,,,,,CLAS_EG1b
2.029,0.0080220732947856,1.2603,,,,-0.02718,0.01732,0.01027,,,,,,,-0.39982,0.24782,0.14309,,-0.73747,0.4851,0.27578,,,,,,,,,,,,,,CLAS_EG1b
2.0296,0.0080220732947856,1.3003,,,,0.02027,0.01768,0.00817,,,,,,,0.35759,0.3108,0.13711,,0.67405,0.5868,0.25605,,,,,,,,,,,,,,CLAS_EG1b
2.0283,0.0080220732947856,1.4203,,,,-0.00813,0.02086,0.00889,,,,,,,-0.13481,0.31951,0.12925,,-0.39455,0.54716,0.21312,,,,,,,,,,,,,,CLAS_EG1b
2.0276,0.0080220732947856,1.4603,,,,0.01094,0.02196,0.01017,,,,,,,0.11678,0.27369,0.12698,,-0.01388,0.45499,0.19935,,,,,,,,,,,,,,CLAS_EG1b
2.0268,0.0080220732947856,1.5003,,,,0.00732,0.0227,0.01021,,,,,,,0.08231,0.22915,0.11122,,0.02011,0.37085,0.17712,,,,,,,,,,,,,,CLAS_EG1b
2.0258,0.0080220732947856,1.5403,,,,0.01684,0.02337,0.01039,,,,,,,0.17049,0.23585,0.1055,,0.17085,0.37194,0.17023,,,,,,,,,,,,,,CLAS_EG1b
2.0257,0.0080220732947856,1.5802,,,,0.03086,0.02431,0.01077,,,,,,,0.30876,0.24168,0.10697,,0.37947,0.37165,0.16847,,,,,,,,,,,,,,CLAS_EG1b
2.0257,0.0080220732947856,1.6202,,,,0.00761,0.02546,0.01051,,,,,,,0.07791,0.22929,0.09444,,0.03464,0.34426,0.14583,,,,,,,,,,,,,,CLAS_EG1b
2.0262,0.0080220732947856,1.6602,,,,0.00584,0.02635,0.01192,,,,,,,0.04285,0.18958,0.08467,,0.02188,0.27821,0.12609,,,,,,,,,,,,,,CLAS_EG1b
2.0261,0.0080220732947856,1.7002,,,,0.01881,0.02735,0.01586,,,,,,,0.10682,0.16183,0.10008,,0.11068,0.23273,0.14366,,,,,,,,,,,,,,CLAS_EG1b
2.0263,0.0080220732947856,1.7401,,,,-0.00177,0.02782,0.01826,,,,,,,-0.02826,0.17974,0.1177,,-0.05841,0.25347,0.1653,,,,,,,,,,,,,,CLAS_EG1b
2.0268,0.0080220732947856,1.7801,,,,0.01522,0.02804,0.01695,,,,,,,0.10495,0.19344,0.11412,,0.14113,0.26762,0.15709,,,,,,,,,,,,,,CLAS_EG1b
2.0277,0.0080220732947856,1.8201,,,,0.00725,0.02839,0.01518,,,,,,,0.05237,0.19299,0.10272,,0.07262,0.26226,0.13871,,,,,,,,,,,,,,CLAS_EG1b
2.0285,0.0080220732947856,1.8601,,,,0.00748,0.02892,0.01627,,,,,,,0.04579,0.18722,0.1044,,0.04975,0.25019,0.13925,,,,,,,,,,,,,,CLAS_EG1b
2.029,0.0080220732947856,1.9001,,,,0.00249,0.02976,0.01801,,,,,,,0.0136,0.18022,0.10862,,-0.00093,0.23705,0.14304,,,,,,,,,,,,,,CLAS_EG1b
2.0295,0.0080220732947856,1.94,,,,0.01063,0.03026,0.01776,,,,,,,0.05849,0.16963,0.10026,,0.06585,0.21983,0.13039,,,,,,,,,,,,,,CLAS_EG1b
2.0256,0.0080220732947856,1.9799,,,,-0.02198,0.03164,0.01818,,,,,,,-0.11725,0.16348,0.09288,,-0.15741,0.20891,0.11886,,,,,,,,,,,,,,CLAS_EG1b
2.0226,0.0080220732947856,2.0199,,,,0.02115,0.03323,0.02103,,,,,,,0.09859,0.1584,0.09933,,0.11645,0.19976,0.12557,,,,,,,,,,,,,,CLAS_EG1b
2.0235,0.0080220732947856,2.0599,,,,-0.02041,0.03522,0.02063,,,,,,,-0.0849,0.15556,0.09224,,-0.11083,0.19375,0.11605,,,,,,,,,,,,,,CLAS_EG1b
2.029,0.0080220732947856,2.0999,,,,-0.06844,0.03933,0.01743,,,,,,,-0.28084,0.1618,0.07104,,-0.3508,0.19923,0.08901,,,,,,,,,,,,,,CLAS_EG1b
2.0368,0.0080220732947856,2.1401,,,,-0.06045,0.04258,0.01785,,,,,,,-0.22992,0.16395,0.06653,,-0.28372,0.1997,0.08235,,,,,,,,,,,,,,CLAS_EG1b
2.0375,0.0080220732947856,2.1802,,,,-0.03005,0.04554,0.01911,,,,,,,-0.10787,0.16487,0.06843,,-0.13331,0.19874,0.08379,,,,,,,,,,,,,,CLAS_EG1b
2.036,0.0080220732947856,2.2202,,,,-0.06959,0.04093,0.02103,,,,,,,-0.23776,0.13986,0.07064,,-0.28655,0.16694,0.08517,,,,,,,,,,,,,,CLAS_EG1b
2.0253,0.0080220732947856,2.2597,,,,0.02117,0.04383,0.02923,,,,,,,0.06919,0.14196,0.09304,,0.07982,0.16787,0.11027,,,,,,,,,,,,,,CLAS_EG1b
2.0219,0.0080220732947856,2.2994,,,,0.0617,0.05253,0.03406,,,,,,,0.19144,0.16153,0.10531,,0.22317,0.18933,0.12396,,,,,,,,,,,,,,CLAS_EG1b
2.0328,0.0080220732947856,2.34,,,,-0.04514,0.05358,0.03254,,,,,,,-0.13248,0.15701,0.09586,,-0.15513,0.18259,0.11198,,,,,,,,,,,,,,CLAS_EG1b
2.0326,0.0080220732947856,2.3801,,,,-0.00389,0.05456,0.03038,,,,,,,-0.00962,0.15271,0.08478,,-0.01142,0.17622,0.09818,,,,,,,,,,,,,,CLAS_EG1b
2.0327,0.0080220732947856,2.42,,,,-0.11718,0.05528,0.0252,,,,,,,-0.31248,0.14815,0.06697,,-0.35786,0.16974,0.07717,,,,,,,,,,,,,,CLAS_EG1b
2.0329,0.0080220732947856,2.46,,,,-0.16848,0.05653,0.02678,,,,,,,-0.43217,0.1454,0.06613,,-0.49133,0.16545,0.07515,,,,,,,,,,,,,,CLAS_EG1b
2.0343,0.0080220732947856,2.5001,,,,0.03299,0.05727,0.0335,,,,,,,0.08389,0.14191,0.08236,,0.09585,0.16045,0.09313,,,,,,,,,,,,,,CLAS_EG1b
2.0356,0.0080220732947856,2.5401,,,,-0.07787,0.05804,0.02981,,,,,,,-0.18871,0.1392,0.07176,,-0.21166,0.15644,0.08077,,,,,,,,,,,,,,CLAS_EG1b
2.0358,0.0080220732947856,2.5801,,,,-0.10767,0.05858,0.03091,,,,,,,-0.25317,0.13656,0.07048,,-0.28229,0.1526,0.07842,,,,,,,,,,,,,,CLAS_EG1b
2.0359,0.0080220732947856,2.6201,,,,0.0065,0.05925,0.03747,,,,,,,0.01382,0.13477,0.08466,,0.01648,0.1498,0.09391,,,,,,,,,,,,,,CLAS_EG1b
2.0281,0.0080220732947856,2.6595,,,,-0.14809,0.06166,0.03665,,,,,,,-0.32842,0.13737,0.08142,,-0.36104,0.15189,0.08988,,,,,,,,,,,,,,CLAS_EG1b
1.9554,0.0080220732947856,2.6961,,,,0.01058,0.0869,0.06179,,,,,,,0.02308,0.19026,0.13397,,0.02708,0.20908,0.14664,,,,,,,,,,,,,,CLAS_EG1b
2.4127,0.0080220732947856,1.1804,,,,0.00248,0.01346,0.00597,,,,,,,0.11621,0.34711,0.14075,,0.32836,0.68934,0.27864,,,,,,,,,,,,,,CLAS_EG1b
2.4134,0.0080220732947856,1.2203,,,,-0.01174,0.01376,0.0081,,,,,,,-0.20705,0.24631,0.15827,,-0.33213,0.47566,0.30184,,,,,,,,,,,,,,CLAS_EG1b
2.4137,0.0080220732947856,1.2603,,,,-0.01815,0.01427,0.00709,,,,,,,-0.36263,0.30623,0.14311,,-0.63524,0.57427,0.27132,,,,,,,,,,,,,,CLAS_EG1b
2.415,0.0080220732947856,1.3003,,,,-0.0046,0.01467,0.00482,,,,,,,-0.10093,0.38447,0.11716,,-0.17387,0.69926,0.21792,,,,,,,,,,,,,,CLAS_EG1b
2.4176,0.0080220732947856,1.4203,,,,-0.00817,0.01725,0.00796,,,,,,,-0.19965,0.37793,0.15895,,-0.46242,0.63243,0.25221,,,,,,,,,,,,,,CLAS_EG1b
2.4188,0.0080220732947856,1.4604,,,,0.01406,0.01837,0.01054,,,,,,,0.21815,0.32162,0.17919,,0.17127,0.52453,0.27531,,,,,,,,,,,,,,CLAS_EG1b
2.4194,0.0080220732947856,1.5004,,,,0.03017,0.01895,0.01041,,,,,,,0.41588,0.26424,0.15925,,0.56061,0.42096,0.24665,,,,,,,,,,,,,,CLAS_EG1b
2.4201,0.0080220732947856,1.5402,,,,0.00379,0.01983,0.00834,,,,,,,0.05171,0.27414,0.11542,,-0.00036,0.42695,0.1795,,,,,,,,,,,,,,CLAS_EG1b
2.4214,0.0080220732947856,1.5803,,,,-0.00564,0.02045,0.00703,,,,,,,-0.07222,0.27508,0.09282,,-0.19128,0.4189,0.14133,,,,,,,,,,,,,,CLAS_EG1b
2.4223,0.0080220732947856,1.6202,,,,-0.02057,0.02146,0.00765,,,,,,,-0.22222,0.25631,0.08535,,-0.41001,0.38212,0.12664,,,,,,,,,,,,,,CLAS_EG1b
2.4242,0.0080220732947856,1.6603,,,,0.01756,0.0225,0.01025,,,,,,,0.16242,0.20952,0.0919,,0.15464,0.30601,0.13273,,,,,,,,,,,,,,CLAS_EG1b
2.4253,0.0080220732947856,1.7003,,,,-0.0035,0.02293,0.01348,,,,,,,-0.02366,0.17428,0.11059,,-0.10531,0.24995,0.15705,,,,,,,,,,,,,,CLAS_EG1b
2.4229,0.0080220732947856,1.7402,,,,0.03379,0.02346,0.01516,,,,,,,0.28762,0.19642,0.12737,,0.34933,0.27678,0.17886,,,,,,,,,,,,,,CLAS_EG1b
2.4187,0.0080220732947856,1.7801,,,,0.00147,0.02385,0.01401,,,,,,,0.01382,0.21465,0.12275,,-0.02162,0.2972,0.17036,,,,,,,,,,,,,,CLAS_EG1b
2.414,0.0080220732947856,1.8201,,,,-0.01673,0.02472,0.01188,,,,,,,-0.14842,0.21936,0.10378,,-0.23288,0.29876,0.14161,,,,,,,,,,,,,,CLAS_EG1b
2.4114,0.0080220732947856,1.86,,,,-0.03497,0.0257,0.01143,,,,,,,-0.29335,0.21662,0.09367,,-0.42157,0.29046,0.12531,,,,,,,,,,,,,,CLAS_EG1b
2.4126,0.0080220732947856,1.9,,,,-0.02841,0.02727,0.0125,,,,,,,-0.22863,0.21428,0.09513,,-0.32841,0.28313,0.12522,,,,,,,,,,,,,,CLAS_EG1b
2.4187,0.0080220732947856,1.9399,,,,-0.03374,0.02908,0.01297,,,,,,,-0.24999,0.21051,0.09246,,-0.34661,0.27428,0.12043,,,,,,,,,,,,,,CLAS_EG1b
2.4215,0.0080220732947856,1.9801,,,,-0.0257,0.03041,0.01401,,,,,,,-0.16752,0.20186,0.09083,,-0.22813,0.25954,0.11683,,,,,,,,,,,,,,CLAS_EG1b
2.4212,0.0080220732947856,2.0201,,,,-0.02258,0.03165,0.01619,,,,,,,-0.13944,0.19274,0.09688,,-0.18684,0.24471,0.12341,,,,,,,,,,,,,,CLAS_EG1b
2.4217,0.0080220732947856,2.06,,,,-0.03775,0.03191,0.01609,,,,,,,-0.21688,0.17939,0.09011,,-0.28141,0.22509,0.11421,,,,,,,,,,,,,,CLAS_EG1b
2.4171,0.0080220732947856,2.1,,,,-0.04123,0.03379,0.01458,,,,,,,-0.21537,0.17622,0.07483,,-0.2746,0.21864,0.09441,,,,,,,,,,,,,,CLAS_EG1b
2.4105,0.0080220732947856,2.1399,,,,-0.04981,0.03615,0.0154,,,,,,,-0.24008,0.17581,0.07287,,-0.30064,0.21579,0.09103,,,,,,,,,,,,,,CLAS_EG1b
2.4073,0.0080220732947856,2.1799,,,,-0.04907,0.03888,0.02138,,,,,,,-0.22368,0.17716,0.09464,,-0.27729,0.21526,0.11586,,,,,,,,,,,,,,CLAS_EG1b
2.4135,0.0080220732947856,2.2196,,,,0.0511,0.04298,0.02567,,,,,,,0.21873,0.18429,0.11013,,0.25849,0.22182,0.13358,,,,,,,,,,,,,,CLAS_EG1b
2.4246,0.0080220732947856,2.2601,,,,-0.03895,0.04521,0.02262,,,,,,,-0.15268,0.18286,0.09326,,-0.18521,0.21814,0.11273,,,,,,,,,,,,,,CLAS_EG1b
2.4255,0.0080220732947856,2.3001,,,,-0.07938,0.04616,0.01946,,,,,,,-0.30273,0.17682,0.07309,,-0.36115,0.20914,0.08755,,,,,,,,,,,,,,CLAS_EG1b
2.4266,0.0080220732947856,2.3401,,,,-0.04229,0.04721,0.02217,,,,,,,-0.15943,0.17178,0.0789,,-0.19082,0.20155,0.09324,,,,,,,,,,,,,,CLAS_EG1b
2.427,0.0080220732947856,2.3801,,,,-0.02444,0.04803,0.02324,,,,,,,-0.08384,0.16641,0.07984,,-0.09968,0.19376,0.09363,,,,,,,,,,,,,,CLAS_EG1b
2.4273,0.0080220732947856,2.4201,,,,-0.09835,0.0491,0.0223,,,,,,,-0.32795,0.16238,0.07258,,-0.3813,0.1877,0.08445,,,,,,,,,,,,,,CLAS_EG1b
2.4265,0.0080220732947856,2.4601,,,,-0.05196,0.04989,0.02248,,,,,,,-0.16364,0.15787,0.06983,,-0.18901,0.18123,0.08056,,,,,,,,,,,,,,CLAS_EG1b
2.426,0.0080220732947856,2.5001,,,,-0.07259,0.05106,0.02483,,,,,,,-0.22041,0.15519,0.07442,,-0.25222,0.17701,0.08512,,,,,,,,,,,,,,CLAS_EG1b
2.4231,0.0080220732947856,2.54,,,,-0.03601,0.05265,0.02598,,,,,,,-0.10429,0.15442,0.07573,,-0.11844,0.17504,0.08611,,,,,,,,,,,,,,CLAS_EG1b
2.4009,0.0080220732947856,2.5792,,,,-0.11883,0.05697,0.02324,,,,,,,-0.33754,0.16199,0.06551,,-0.38035,0.1825,0.07408,,,,,,,,,,,,,,CLAS_EG1b
2.3343,0.0080220732947856,2.6176,,,,-0.08275,0.07466,0.0324,,,,,,,-0.22897,0.20672,0.08674,,-0.25611,0.23136,0.0969,,,,,,,,,,,,,,CLAS_EG1b
2.89,0.0080220732947856,1.1804,,,,-0.00413,0.0107,0.0043,,,,,,,-0.18205,0.42622,0.16783,,-0.24426,0.79856,0.3163,,,,,,,,,,,,,,CLAS_EG1b
2.8896,0.0080220732947856,1.2204,,,,-0.00854,0.01095,0.00571,,,,,,,-0.23922,0.30583,0.17249,,-0.35996,0.5603,0.31463,,,,,,,,,,,,,,CLAS_EG1b
2.8902,0.0080220732947856,1.2603,,,,-0.0129,0.01153,0.00488,,,,,,,-0.40846,0.38608,0.15274,,-0.67572,0.6905,0.27902,,,,,,,,,,,,,,CLAS_EG1b
2.8906,0.0080220732947856,1.3003,,,,-0.0027,0.01174,0.00274,,,,,,,-0.104,0.47925,0.09995,,-0.14683,0.83595,0.18663,,,,,,,,,,,,,,CLAS_EG1b
2.89,0.0080220732947856,1.3404,,,,-0.007,0.01261,0.00277,,,,,,,-0.29183,0.52446,0.108,,-0.49976,0.89313,0.1917,,,,,,,,,,,,,,CLAS_EG1b
2.8887,0.0080220732947856,1.3804,,,,0.01001,0.01322,0.00383,,,,,,,0.35246,0.50419,0.13946,,0.54002,0.83888,0.23508,,,,,,,,,,,,,,CLAS_EG1b
2.8769,0.0080220732947856,1.5002,,,,-0.01867,0.01539,0.00659,,,,,,,-0.37758,0.30987,0.14776,,-0.67005,0.48389,0.22459,,,,,,,,,,,,,,CLAS_EG1b
2.8717,0.0080220732947856,1.5402,,,,0.00291,0.0165,0.00547,,,,,,,0.05858,0.32575,0.10611,,0.01785,0.4989,0.15889,,,,,,,,,,,,,,CLAS_EG1b
2.8699,0.0080220732947856,1.5802,,,,-0.02677,0.01734,0.00542,,,,,,,-0.51776,0.32865,0.0959,,-0.85122,0.49363,0.14031,,,,,,,,,,,,,,CLAS_EG1b
2.8686,0.0080220732947856,1.6201,,,,0.00108,0.01841,0.00666,,,,,,,0.00439,0.30356,0.10208,,-0.06455,0.44755,0.14726,,,,,,,,,,,,,,CLAS_EG1b
2.8709,0.0080220732947856,1.6601,,,,-0.01962,0.01991,0.00783,,,,,,,-0.2587,0.25043,0.10011,,-0.44238,0.36256,0.14273,,,,,,,,,,,,,,CLAS_EG1b
2.8767,0.0080220732947856,1.7001,,,,0.00578,0.02096,0.00897,,,,,,,0.05967,0.21314,0.09883,,0.02553,0.30361,0.13848,,,,,,,,,,,,,,CLAS_EG1b
2.8833,0.0080220732947856,1.7401,,,,0.00146,0.02195,0.00995,,,,,,,0.02585,0.24778,0.11244,,-0.00957,0.34734,0.15633,,,,,,,,,,,,,,CLAS_EG1b
2.8851,0.0080220732947856,1.7801,,,,-0.01638,0.02238,0.0099,,,,,,,-0.1977,0.27328,0.11729,,-0.30584,0.37706,0.16159,,,,,,,,,,,,,,CLAS_EG1b
2.8845,0.0080220732947856,1.8201,,,,-0.01115,0.023,0.01115,,,,,,,-0.12974,0.27693,0.13129,,-0.19894,0.37645,0.17783,,,,,,,,,,,,,,CLAS_EG1b
2.8799,0.0080220732947856,1.8601,,,,0.05388,0.02419,0.01309,,,,,,,0.61608,0.27573,0.14827,,0.80246,0.36953,0.19857,,,,,,,,,,,,,,CLAS_EG1b
2.8755,0.0080220732947856,1.9001,,,,-0.04104,0.02543,0.0128,,,,,,,-0.43215,0.26898,0.13592,,-0.59247,0.35566,0.18024,,,,,,,,,,,,,,CLAS_EG1b
2.8733,0.0080220732947856,1.94,,,,-0.02275,0.02725,0.01279,,,,,,,-0.21498,0.26417,0.12212,,-0.29777,0.34482,0.15942,,,,,,,,,,,,,,CLAS_EG1b
2.8727,0.0080220732947856,1.98,,,,-0.00364,0.02912,0.01346,,,,,,,-0.02845,0.25744,0.11983,,-0.04992,0.33191,0.15499,,,,,,,,,,,,,,CLAS_EG1b
2.8778,0.0080220732947856,2.02,,,,-0.03161,0.03133,0.01426,,,,,,,-0.25078,0.25312,0.11446,,-0.32976,0.32257,0.14649,,,,,,,,,,,,,,CLAS_EG1b
2.8864,0.0080220732947856,2.06,,,,-0.00709,0.03379,0.0179,,,,,,,-0.05221,0.25036,0.12995,,-0.0756,0.31549,0.16418,,,,,,,,,,,,,,CLAS_EG1b
2.8917,0.0080220732947856,2.1001,,,,0.02902,0.03517,0.01896,,,,,,,0.19988,0.24058,0.13134,,0.24065,0.29998,0.16515,,,,,,,,,,,,,,CLAS_EG1b
2.8921,0.0080220732947856,2.1401,,,,-0.07666,0.03608,0.01494,,,,,,,-0.48499,0.22918,0.09651,,-0.60613,0.28288,0.12126,,,,,,,,,,,,,,CLAS_EG1b
2.8919,0.0080220732947856,2.1801,,,,-0.06859,0.03705,0.01232,,,,,,,-0.40156,0.21955,0.07036,,-0.49704,0.26841,0.08801,,,,,,,,,,,,,,CLAS_EG1b
2.893,0.0080220732947856,2.2201,,,,-0.06201,0.03783,0.01423,,,,,,,-0.34279,0.21008,0.07638,,-0.42116,0.2545,0.09409,,,,,,,,,,,,,,CLAS_EG1b
2.8928,0.0080220732947856,2.2602,,,,-0.06581,0.03898,0.02031,,,,,,,-0.34078,0.20362,0.103,,-0.41419,0.24453,0.12442,,,,,,,,,,,,,,CLAS_EG1b
2.8927,0.0080220732947856,2.3001,,,,0.03194,0.04005,0.02484,,,,,,,0.1597,0.19741,0.1221,,0.18578,0.23512,0.1462,,,,,,,,,,,,,,CLAS_EG1b
2.8927,0.0080220732947856,2.3401,,,,-0.04678,0.04132,0.0247,,,,,,,-0.22155,0.19275,0.11544,,-0.26657,0.22776,0.13719,,,,,,,,,,,,,,CLAS_EG1b
2.8812,0.0080220732947856,2.3798,,,,0.0166,0.04322,0.02509,,,,,,,0.07259,0.19135,0.11027,,0.08133,0.2244,0.12981,,,,,,,,,,,,,,CLAS_EG1b
2.8663,0.0080220732947856,2.4198,,,,-0.02661,0.04718,0.02964,,,,,,,-0.11187,0.19887,0.1237,,-0.13332,0.23154,0.14431,,,,,,,,,,,,,,CLAS_EG1b
2.8583,0.0080220732947856,2.4597,,,,-0.0198,0.05473,0.03525,,,,,,,-0.0796,0.21998,0.14089,,-0.09469,0.25436,0.1631,,,,,,,,,,,,,,CLAS_EG1b
2.8249,0.0080220732947856,2.4984,,,,0.0165,0.07007,0.03333,,,,,,,0.06403,0.26973,0.12943,,0.07143,0.30977,0.14919,,,,,,,,,,,,,,CLAS_EG1b
2.761,0.0080220732947856,2.5366,,,,-0.11809,0.10322,0.03991,,,,,,,-0.44248,0.38239,0.1449,,-0.50758,0.43615,0.16497,,,,,,,,,,,,,,CLAS_EG1b
3.4404,0.0080220732947856,1.4603,,,,-0.00818,0.01396,0.0056,,,,,,,-0.29844,0.54067,0.20455,,-0.52506,0.83763,0.31471,,,,,,,,,,,,,,CLAS_EG1b
3.4349,0.0080220732947856,1.5003,,,,0.02395,0.01481,0.00633,,,,,,,0.69742,0.44143,0.1983,,0.99137,0.67267,0.30005,,,,,,,,,,,,,,CLAS_EG1b
3.4318,0.0080220732947856,1.5402,,,,-0.01402,0.01591,0.00545,,,,,,,-0.40502,0.45992,0.15633,,-0.67932,0.68936,0.23132,,,,,,,,,,,,,,CLAS_EG1b
3.4273,0.0080220732947856,1.5802,,,,-0.00093,0.01679,0.0049,,,,,,,-0.04019,0.45934,0.12766,,-0.13264,0.6772,0.18339,,,,,,,,,,,,,,CLAS_EG1b
3.4257,0.0080220732947856,1.6202,,,,-0.01439,0.01798,0.00609,,,,,,,-0.31063,0.41974,0.13136,,-0.51234,0.60902,0.18746,,,,,,,,,,,,,,CLAS_EG1b
3.4239,0.0080220732947856,1.6602,,,,0.01192,0.01948,0.00763,,,,,,,0.21044,0.34026,0.13227,,0.2475,0.48603,0.18738,,,,,,,,,,,,,,CLAS_EG1b
3.4247,0.0080220732947856,1.7002,,,,-0.00025,0.02059,0.00772,,,,,,,-0.00368,0.28925,0.11641,,-0.04705,0.4074,0.16358,,,,,,,,,,,,,,CLAS_EG1b
3.4419,0.0080220732947856,1.8201,,,,-0.02299,0.02427,0.01218,,,,,,,-0.3746,0.40659,0.20307,,-0.51971,0.54942,0.27581,,,,,,,,,,,,,,CLAS_EG1b
3.4457,0.0080220732947856,1.8603,,,,-0.00565,0.02501,0.01163,,,,,,,-0.09191,0.39533,0.18159,,-0.14028,0.52741,0.24242,,,,,,,,,,,,,,CLAS_EG1b
3.4478,0.0080220732947856,1.9002,,,,-0.00089,0.02586,0.01284,,,,,,,0.00442,0.37736,0.18831,,-0.00694,0.49736,0.24875,,,,,,,,,,,,,,CLAS_EG1b
3.4482,0.0080220732947856,1.9402,,,,0.00302,0.02663,0.01393,,,,,,,0.04574,0.35408,0.1857,,0.04596,0.46128,0.24239,,,,,,,,,,,,,,CLAS_EG1b
3.4481,0.0080220732947856,1.9802,,,,0.02327,0.02767,0.01405,,,,,,,0.28195,0.33361,0.17163,,0.3503,0.42979,0.22175,,,,,,,,,,,,,,CLAS_EG1b
3.4489,0.0080220732947856,2.0201,,,,-0.03428,0.02853,0.01283,,,,,,,-0.39153,0.31241,0.14143,,-0.51319,0.3982,0.18106,,,,,,,,,,,,,,CLAS_EG1b
3.448,0.0080220732947856,2.0602,,,,-0.01407,0.02931,0.01563,,,,,,,-0.14168,0.29302,0.15044,,-0.18964,0.36967,0.18966,,,,,,,,,,,,,,CLAS_EG1b
3.4473,0.0080220732947856,2.1002,,,,0.0434,0.0301,0.01937,,,,,,,0.39216,0.27653,0.17667,,0.4792,0.34547,0.2212,,,,,,,,,,,,,,CLAS_EG1b
3.4412,0.0080220732947856,2.14,,,,0.02029,0.03142,0.01823,,,,,,,0.17081,0.26688,0.1578,,0.2023,0.3303,0.19659,,,,,,,,,,,,,,CLAS_EG1b
3.4264,0.0080220732947856,2.1799,,,,-0.04392,0.03337,0.01865,,,,,,,-0.34686,0.26342,0.14479,,-0.43351,0.32309,0.1782,,,,,,,,,,,,,,CLAS_EG1b
3.4131,0.0080220732947856,2.2199,,,,0.06201,0.03564,0.02278,,,,,,,0.45655,0.26251,0.16665,,0.54777,0.31919,0.20316,,,,,,,,,,,,,,CLAS_EG1b
3.4079,0.0080220732947856,2.2598,,,,0.00933,0.03828,0.02355,,,,,,,0.065,0.26415,0.16404,,0.07183,0.31854,0.19871,,,,,,,,,,,,,,CLAS_EG1b
3.4105,0.0080220732947856,2.2997,,,,-0.01512,0.04235,0.02287,,,,,,,-0.10452,0.27481,0.14808,,-0.13203,0.3288,0.17777,,,,,,,,,,,,,,CLAS_EG1b
3.4304,0.0080220732947856,2.3395,,,,-0.0167,0.04681,0.02299,,,,,,,-0.10066,0.28614,0.14041,,-0.12471,0.3398,0.16732,,,,,,,,,,,,,,CLAS_EG1b
3.3976,0.0080220732947856,2.3791,,,,-0.04629,0.05371,0.02282,,,,,,,-0.26766,0.31084,0.13202,,-0.32038,0.36646,0.15623,,,,,,,,,,,,,,CLAS_EG1b
3.3151,0.0080220732947856,2.4181,,,,-0.06318,0.07013,0.02408,,,,,,,-0.34579,0.38513,0.13026,,-0.40879,0.45069,0.15294,,,,,,,,,,,,,,CLAS_EG1b
4.1064,0.0080220732947856,1.6203,,,,-0.01265,0.01757,0.00674,,,,,,,-0.50504,0.60703,0.23454,,-0.77951,0.86316,0.33345,,,,,,,,,,,,,,CLAS_EG1b
4.1082,0.0080220732947856,1.6603,,,,0.00489,0.01855,0.00809,,,,,,,0.19834,0.47366,0.20057,,0.23541,0.66465,0.2802,,,,,,,,,,,,,,CLAS_EG1b
4.1086,0.0080220732947856,1.7004,,,,0.02937,0.01913,0.00956,,,,,,,0.60256,0.39197,0.20985,,0.7965,0.54346,0.29077,,,,,,,,,,,,,,CLAS_EG1b
4.1102,0.0080220732947856,1.7403,,,,0.00277,0.01966,0.00975,,,,,,,0.05544,0.44987,0.22253,,0.04667,0.61636,0.30408,,,,,,,,,,,,,,CLAS_EG1b
4.1093,0.0080220732947856,1.7803,,,,0.01704,0.02026,0.01059,,,,,,,0.4236,0.50244,0.25866,,0.55029,0.68014,0.3493,,,,,,,,,,,,,,CLAS_EG1b
4.1066,0.0080220732947856,1.8202,,,,0.01452,0.0209,0.01086,,,,,,,0.33784,0.50851,0.26224,,0.4298,0.68048,0.35118,,,,,,,,,,,,,,CLAS_EG1b
4.0939,0.0080220732947856,1.8601,,,,-0.0028,0.02154,0.00981,,,,,,,-0.06015,0.4922,0.22631,,-0.09579,0.65151,0.30033,,,,,,,,,,,,,,CLAS_EG1b
4.0821,0.0080220732947856,1.9,,,,-0.01008,0.02267,0.00938,,,,,,,-0.19873,0.47552,0.19653,,-0.27433,0.62282,0.25788,,,,,,,,,,,,,,CLAS_EG1b
4.0698,0.0080220732947856,1.9401,,,,0.01112,0.0239,0.009,,,,,,,0.19135,0.45374,0.17246,,0.2308,0.58819,0.22412,,,,,,,,,,,,,,CLAS_EG1b
4.0587,0.0080220732947856,2.0199,,,,-0.01012,0.02722,0.0085,,,,,,,-0.14421,0.4203,0.12775,,-0.19429,0.53429,0.16251,,,,,,,,,,,,,,CLAS_EG1b
4.065,0.0080220732947856,2.0598,,,,-0.00835,0.02923,0.01054,,,,,,,-0.12267,0.40976,0.14606,,-0.16657,0.51607,0.18428,,,,,,,,,,,,,,CLAS_EG1b
4.0761,0.0080220732947856,2.0996,,,,0.00311,0.03214,0.01294,,,,,,,0.03301,0.41185,0.16261,,0.02987,0.51405,0.20316,,,,,,,,,,,,,,CLAS_EG1b
4.0797,0.0080220732947856,2.1397,,,,-0.00984,0.03572,0.01425,,,,,,,-0.11959,0.42109,0.16778,,-0.1581,0.52109,0.20823,,,,,,,,,,,,,,CLAS_EG1b
4.0495,0.0080220732947856,2.1798,,,,-0.0175,0.04001,0.0152,,,,,,,-0.20102,0.43616,0.16386,,-0.25697,0.53531,0.20154,,,,,,,,,,,,,,CLAS_EG1b
4.0065,0.0080220732947856,2.2196,,,,-0.02958,0.04603,0.01552,,,,,,,-0.3093,0.46645,0.15697,,-0.38612,0.56795,0.19182,,,,,,,,,,,,,,CLAS_EG1b
3.9588,0.0080220732947856,2.2593,,,,-0.08279,0.05509,0.02053,,,,,,,-0.78949,0.52099,0.18899,,-0.96234,0.62947,0.22833,,,,,,,,,,,,,,CLAS_EG1b
3.8971,0.0080220732947856,2.2979,,,,-0.00503,0.07863,0.04664,,,,,,,-0.04185,0.69945,0.39695,,-0.05685,0.83918,0.47412,,,,,,,,,,,,,,CLAS_EG1b
4.8328,0.0080220732947856,1.7003,,,,0.01685,0.01797,0.00816,,,,,,,0.55636,0.57839,0.28292,,0.72682,0.78865,0.38469,,,,,,,,,,,,,,CLAS_EG1b
